# These data come from 
# wavelength = in micron
# albedo = reflectivity at this wavelength
#
wavelength |       albedo
0.34999999 |   0.81724125
0.35100001 |   0.81729156
     0.352 |   0.82132566
0.35299999 |   0.82397527
     0.354 |   0.82385731
0.35499999 |   0.82033724
0.35600001 |   0.81577086
0.35699999 |   0.81326371
0.35800001 |   0.81488168
     0.359 |   0.81852907
0.36000001 |   0.82106614
     0.361 |   0.82022613
0.36199999 |   0.81721669
0.36300001 |   0.81411546
0.36399999 |   0.81255198
0.36500001 |   0.81235778
     0.366 |   0.81291819
0.36700001 |   0.81365198
     0.368 |   0.81412089
0.36899999 |   0.81392127
      0.37 |   0.81283617
0.37099999 |   0.81140298
0.37200001 |   0.81034595
     0.373 |    0.8101781
0.37400001 |   0.81056505
     0.375 |   0.81096357
0.37599999 |   0.81092685
     0.377 |   0.81040746
0.37799999 |   0.80945754
0.37900001 |   0.80819416
      0.38 |   0.80700845
0.38100001 |   0.80635923
     0.382 |   0.80654156
0.38299999 |   0.80720437
     0.384 |   0.80783463
0.38499999 |   0.80803996
0.38600001 |   0.80791116
0.38699999 |   0.80766118
0.38800001 |   0.80750769
     0.389 |   0.80768645
0.38999999 |   0.80843884
     0.391 |   0.80985737
0.39199999 |   0.81144196
0.39300001 |   0.81254441
0.39399999 |   0.81274205
0.39500001 |   0.81252116
     0.396 |   0.81259328
0.39700001 |   0.81350189
     0.398 |    0.8151105
0.39899999 |   0.81711513
0.40000001 |   0.81923306
0.40099999 |   0.82126975
0.40200001 |   0.82305127
     0.403 |   0.82445043
0.40400001 |   0.82552028
     0.405 |   0.82635641
0.40599999 |    0.8270393
0.40700001 |   0.82757062
0.40799999 |   0.82793301
0.40900001 |   0.82812202
      0.41 |   0.82817793
0.41100001 |   0.82815176
     0.412 |   0.82810229
0.41299999 |   0.82811052
     0.414 |   0.82826537
0.41499999 |   0.82862288
0.41600001 |   0.82912034
     0.417 |   0.82966179
0.41800001 |   0.83017045
     0.419 |   0.83063555
0.41999999 |   0.83106691
     0.421 |   0.83145642
0.42199999 |   0.83174598
0.42300001 |   0.83186108
0.42399999 |   0.83177239
0.42500001 |   0.83162189
     0.426 |   0.83159429
0.42699999 |   0.83182329
     0.428 |   0.83223379
0.42899999 |   0.83269686
0.43000001 |   0.83310801
0.43099999 |    0.8334493
0.43200001 |   0.83372372
     0.433 |   0.83393645
0.43399999 |   0.83409095
     0.435 |   0.83419114
0.43599999 |   0.83424121
0.43700001 |    0.8342452
0.43799999 |   0.83420724
0.43900001 |   0.83413088
      0.44 |   0.83402008
0.44100001 |   0.83387941
     0.442 |   0.83371246
0.44299999 |   0.83352309
0.44400001 |   0.83331621
0.44499999 |   0.83310318
0.44600001 |   0.83293062
     0.447 |   0.83285367
0.44800001 |    0.8329019
     0.449 |   0.83300304
0.44999999 |   0.83306223
0.45100001 |   0.83301508
0.45199999 |   0.83292729
0.45300001 |   0.83289498
     0.454 |   0.83298451
0.45500001 |   0.83313143
     0.456 |    0.8332389
0.45699999 |   0.83323526
     0.458 |    0.8331508
0.45899999 |   0.83304077
0.46000001 |    0.8329553
     0.461 |    0.8329168
0.46200001 |   0.83294421
     0.463 |   0.83304101
0.46399999 |   0.83316016
     0.465 |   0.83323926
0.46599999 |   0.83323807
0.46700001 |   0.83319771
0.46799999 |   0.83318281
0.46900001 |    0.8332361
      0.47 |   0.83332592
0.47099999 |   0.83340073
     0.472 |   0.83341634
0.47299999 |   0.83335972
0.47400001 |   0.83322543
0.47499999 |   0.83302724
0.47600001 |   0.83285767
     0.477 |   0.83283067
0.47799999 |   0.83300966
     0.479 |   0.83325702
0.47999999 |   0.83338434
0.48100001 |   0.83326328
0.48199999 |   0.83299607
0.48300001 |   0.83274496
     0.484 |   0.83263171
0.48500001 |   0.83262902
     0.486 |   0.83266801
0.48699999 |   0.83269298
0.48800001 |   0.83268911
0.48899999 |   0.83265525
0.49000001 |   0.83258897
     0.491 |   0.83249938
0.49200001 |   0.83239728
     0.493 |   0.83229381
0.49399999 |    0.8322078
     0.495 |   0.83215624
0.49599999 |   0.83215064
0.49700001 |   0.83217078
     0.498 |    0.8321889
0.49900001 |     0.832183
       0.5 |   0.83214796
0.50099999 |   0.83208662
0.50199997 |   0.83200192
0.50300002 |   0.83191818
0.50400001 |   0.83186221
     0.505 |   0.83185142
0.50599998 |   0.83185667
0.50700003 |   0.83183938
0.50800002 |   0.83177561
     0.509 |   0.83170325
0.50999999 |   0.83167529
0.51099998 |   0.83172536
0.51200002 |   0.83179921
0.51300001 |   0.83181953
     0.514 |   0.83173913
0.51499999 |   0.83161479
0.51599997 |   0.83153194
0.51700002 |   0.83155245
0.51800001 |   0.83164495
0.51899999 |   0.83175462
0.51999998 |   0.83183581
0.52100003 |    0.8318761
0.52200001 |   0.83187217
     0.523 |   0.83182883
0.52399999 |   0.83178508
0.52499998 |   0.83178788
0.52600002 |   0.83186609
0.52700001 |   0.83197522
     0.528 |   0.83205181
0.52899998 |   0.83205062
0.52999997 |   0.83199662
0.53100002 |   0.83193266
0.53200001 |   0.83189291
0.53299999 |   0.83187723
0.53399998 |   0.83187634
0.53500003 |   0.83188397
0.53600001 |   0.83190209
     0.537 |   0.83193517
0.53799999 |   0.83198535
0.53899997 |   0.83204561
0.54000002 |   0.83210677
0.54100001 |   0.83216113
     0.542 |   0.83220768
0.54299998 |   0.83224708
0.54400003 |   0.83228004
0.54500002 |   0.83230704
     0.546 |    0.8323288
0.54699999 |   0.83234608
0.54799998 |   0.83235919
0.54900002 |   0.83236927
0.55000001 |   0.83237654
     0.551 |   0.83238184
0.55199999 |   0.83238578
0.55299997 |   0.83239126
0.55400002 |   0.83241105
0.55500001 |   0.83245957
0.55599999 |   0.83254194
0.55699998 |    0.8326236
0.55800003 |   0.83266008
0.55900002 |   0.83262366
      0.56 |   0.83255458
0.56099999 |   0.83250993
0.56199998 |   0.83252865
0.56300002 |   0.83257854
0.56400001 |   0.83260983
     0.565 |   0.83258539
0.56599998 |   0.83252114
0.56699997 |    0.8324461
0.56800002 |   0.83238256
0.56900001 |   0.83232439
0.56999999 |   0.83225858
0.57099998 |   0.83217949
0.57200003 |   0.83211166
0.57300001 |    0.8320868
     0.574 |   0.83212996
0.57499999 |   0.83223945
0.57599998 |   0.83240652
0.57700002 |   0.83260751
0.57800001 |   0.83275717
     0.579 |   0.83275539
0.57999998 |    0.8325398
0.58099997 |   0.83220047
0.58200002 |   0.83186632
     0.583 |   0.83164006
0.58399999 |   0.83152145
0.58499998 |    0.8314845
0.58600003 |   0.83149958
0.58700001 |   0.83152175
     0.588 |   0.83150202
0.58899999 |   0.83140743
0.58999997 |   0.83126873
0.59100002 |   0.83113295
0.59200001 |   0.83103424
0.59299999 |   0.83095759
0.59399998 |   0.83087552
0.59500003 |   0.83076483
0.59600002 |   0.83061779
     0.597 |   0.83043122
0.59799999 |   0.83020961
0.59899998 |   0.82998884
0.60000002 |   0.82981277
0.60100001 |   0.82970935
     0.602 |   0.82964462
0.60299999 |   0.82956874
0.60399997 |   0.82944578
0.60500002 |   0.82929426
0.60600001 |   0.82914633
0.60699999 |   0.82902753
0.60799998 |   0.82893842
0.60900003 |   0.82887208
0.61000001 |   0.82882005
     0.611 |   0.82876331
0.61199999 |   0.82868004
0.61299998 |   0.82855523
0.61400002 |   0.82839912
0.61500001 |   0.82822829
     0.616 |   0.82805693
0.61699998 |    0.8278895
0.61799997 |   0.82772815
0.61900002 |    0.8275727
      0.62 |   0.82741493
0.62099999 |   0.82724446
0.62199998 |   0.82705402
0.62300003 |    0.8268494
0.62400001 |   0.82663953
     0.625 |   0.82643026
0.62599999 |   0.82621562
0.62699997 |   0.82598549
0.62800002 |   0.82573861
0.62900001 |   0.82549483
      0.63 |   0.82528001
0.63099998 |   0.82511264
0.63200003 |   0.82496709
0.63300002 |   0.82480758
     0.634 |   0.82461083
0.63499999 |   0.82438833
0.63599998 |   0.82416469
0.63700002 |    0.8239572
0.63800001 |   0.82377261
     0.639 |   0.82361013
0.63999999 |   0.82346958
0.64099997 |   0.82333428
0.64200002 |   0.82318819
0.64300001 |   0.82301652
0.64399999 |    0.8228212
0.64499998 |   0.82261068
0.64600003 |   0.82239151
0.64700001 |    0.8221792
     0.648 |   0.82198709
0.64899999 |   0.82182539
0.64999998 |    0.8216728
0.65100002 |    0.8215012
0.65200001 |   0.82129407
     0.653 |    0.8210665
0.65399998 |   0.82084322
0.65499997 |    0.8206448
0.65600002 |   0.82046509
0.65700001 |   0.82029361
0.65799999 |   0.82012033
0.65899998 |   0.81994724
0.66000003 |    0.8197757
0.66100001 |   0.81960797
     0.662 |   0.81944549
0.66299999 |   0.81928933
0.66399997 |   0.81914127
0.66500002 |   0.81900436
0.66600001 |   0.81888252
     0.667 |   0.81877601
0.66799998 |   0.81867242
0.66900003 |   0.81855583
0.67000002 |   0.81841737
     0.671 |    0.8182773
0.67199999 |   0.81816256
0.67299998 |   0.81808978
0.67400002 |   0.81803262
0.67500001 |   0.81795418
     0.676 |   0.81783074
0.67699999 |   0.81769061
0.67799997 |   0.81757611
0.67900002 |   0.81751651
0.68000001 |   0.81749189
0.68099999 |    0.8174696
0.68199998 |    0.8174243
0.68300003 |   0.81735754
0.68400002 |   0.81727529
     0.685 |   0.81718683
0.68599999 |   0.81710476
0.68699998 |   0.81704241
0.68800002 |    0.8170076
0.68900001 |   0.81698608
      0.69 |   0.81695795
0.69099998 |   0.81690747
0.69199997 |    0.8168298
0.69300002 |   0.81672597
0.69400001 |   0.81659901
0.69499999 |    0.8164646
0.69599998 |   0.81634068
0.69700003 |   0.81623864
0.69800001 |   0.81614143
     0.699 |   0.81602603
0.69999999 |   0.81587332
0.70099998 |    0.8156938
0.70200002 |   0.81550378
0.70300001 |   0.81531686
     0.704 |   0.81513578
0.70499998 |   0.81496119
0.70599997 |   0.81479299
0.70700002 |   0.81463003
     0.708 |   0.81447124
0.70899999 |    0.8143152
0.70999998 |    0.8141607
0.71100003 |   0.81400633
0.71200001 |   0.81385165
     0.713 |    0.8137005
0.71399999 |   0.81355768
0.71499997 |   0.81342661
0.71600002 |    0.8133049
0.71700001 |   0.81318855
0.71799999 |   0.81307459
0.71899998 |   0.81296521
0.72000003 |   0.81286317
0.72100002 |   0.81276864
     0.722 |   0.81266791
0.72299999 |   0.81254399
0.72399998 |   0.81238753
0.72500002 |   0.81221819
0.72600001 |   0.81206322
     0.727 |     0.811939
0.72799999 |   0.81181902
0.72899997 |   0.81166583
0.73000002 |   0.81145388
0.73100001 |   0.81120604
0.73199999 |   0.81095654
0.73299998 |   0.81073296
0.73400003 |   0.81053364
0.73500001 |   0.81034976
     0.736 |    0.8101697
0.73699999 |   0.80996919
0.73799998 |   0.80972123
0.73900002 |   0.80941015
0.74000001 |   0.80906534
     0.741 |   0.80872828
0.74199998 |   0.80842578
0.74299997 |   0.80812979
0.74400002 |   0.80779821
     0.745 |    0.8074007
0.74599999 |   0.80695432
0.74699998 |   0.80648756
0.74800003 |   0.80602378
0.74900001 |   0.80556297
      0.75 |   0.80509961
0.75099999 |   0.80462623
0.75199997 |   0.80412775
0.75300002 |   0.80358726
0.75400001 |   0.80299151
     0.755 |   0.80235016
0.75599998 |    0.8016746
0.75700003 |    0.8009764
0.75800002 |   0.80026406
     0.759 |   0.79954463
0.75999999 |    0.7988221
0.76099998 |   0.79808491
0.76200002 |   0.79731822
0.76300001 |    0.7965135
     0.764 |   0.79568905
0.76499999 |   0.79486948
0.76599997 |   0.79407167
0.76700002 |   0.79327953
0.76800001 |   0.79246926
0.76899999 |   0.79162288
0.76999998 |   0.79074693
0.77100003 |   0.78985417
0.77200001 |   0.78895676
     0.773 |   0.78806424
0.77399999 |   0.78718585
0.77499998 |   0.78632849
0.77600002 |   0.78549093
0.77700001 |   0.78466988
     0.778 |   0.78386229
0.77899998 |    0.7830655
0.77999997 |   0.78227681
0.78100002 |   0.78149408
0.78200001 |   0.78071558
0.78299999 |   0.77993959
0.78399998 |   0.77917033
0.78500003 |   0.77843434
0.78600001 |   0.77776402
     0.787 |   0.77717775
0.78799999 |   0.77664053
0.78899997 |   0.77610326
0.79000002 |   0.77553397
0.79100001 |   0.77496886
     0.792 |   0.77446115
0.79299998 |   0.77404827
0.79400003 |   0.77370536
0.79500002 |    0.7733894
     0.796 |   0.77306926
0.79699999 |   0.77275068
0.79799998 |   0.77244896
0.79900002 |   0.77217799
0.80000001 |   0.77194721
     0.801 |   0.77176422
0.80199999 |   0.77163494
0.80299997 |   0.77155584
0.80400002 |   0.77152097
0.80500001 |   0.77152371
0.80599999 |   0.77155137
0.80699998 |   0.77159071
0.80800003 |   0.77163529
0.80900002 |   0.77170616
      0.81 |   0.77183127
0.81099999 |   0.77202564
0.81199998 |   0.77225083
0.81300002 |   0.77245563
0.81400001 |   0.77260494
     0.815 |   0.77272809
0.81599998 |   0.77287096
0.81699997 |   0.77306443
0.81800002 |   0.77327865
0.81900001 |   0.77346885
0.81999999 |   0.77360237
0.82099998 |    0.7736944
0.82200003 |   0.77377182
0.82300001 |   0.77385569
     0.824 |   0.77394009
0.82499999 |   0.77401316
0.82599998 |   0.77406335
0.82700002 |   0.77407992
0.82800001 |    0.7740528
     0.829 |   0.77397817
0.82999998 |   0.77387738
0.83099997 |   0.77377832
0.83200002 |   0.77369624
     0.833 |   0.77359647
0.83399999 |   0.77343124
0.83499998 |   0.77317035
0.83600003 |   0.77285212
0.83700001 |   0.77253163
     0.838 |   0.77224773
0.83899999 |   0.77197236
0.83999997 |   0.77166098
0.84100002 |   0.77127564
0.84200001 |   0.77080518
0.84299999 |   0.77024466
0.84399998 |   0.76959801
0.84500003 |   0.76890254
0.84600002 |   0.76820409
     0.847 |   0.76753002
0.84799999 |   0.76683474
0.84899998 |   0.76605392
0.85000002 |    0.7651425
0.85100001 |   0.76413113
     0.852 |   0.76306891
0.85299999 |   0.76199549
0.85399997 |    0.7609098
0.85500002 |   0.75980085
0.85600001 |   0.75865793
0.85699999 |   0.75747097
0.85799998 |   0.75622934
0.85900003 |   0.75493085
0.86000001 |   0.75359547
     0.861 |   0.75225019
0.86199999 |   0.75091493
0.86299998 |   0.74958044
0.86400002 |   0.74823052
0.86500001 |   0.74685329
     0.866 |   0.74545312
0.86699998 |   0.74403888
0.86799997 |   0.74261558
0.86900002 |   0.74117351
      0.87 |   0.73969871
0.87099999 |   0.73818386
0.87199998 |    0.7366454
0.87300003 |   0.73510605
0.87400001 |   0.73357952
     0.875 |   0.73204106
0.87599999 |   0.73045725
0.87699997 |    0.7288081
0.87800002 |   0.72713029
0.87900001 |   0.72547448
      0.88 |   0.72388011
0.88099998 |   0.72234374
0.88200003 |   0.72085083
0.88300002 |   0.71938801
     0.884 |   0.71794826
0.88499999 |   0.71652532
0.88599998 |   0.71511954
0.88700002 |    0.7137568
0.88800001 |   0.71246976
     0.889 |   0.71128041
0.88999999 |   0.71017039
0.89099997 |   0.70911109
0.89200002 |   0.70807856
0.89300001 |   0.70706713
0.89399999 |   0.70607597
0.89499998 |   0.70510769
0.89600003 |   0.70417929
0.89700001 |   0.70331156
     0.898 |   0.70252186
0.89899999 |   0.70181483
0.89999998 |   0.70119244
0.90100002 |   0.70064491
0.90200001 |   0.70012653
     0.903 |   0.69958127
0.90399998 |   0.69897795
0.90499997 |   0.69838589
0.90600002 |   0.69789886
0.90700001 |   0.69757771
0.90799999 |   0.69734943
0.90899998 |   0.69710755
0.91000003 |   0.69676638
0.91100001 |   0.69632262
     0.912 |   0.69579375
0.91299999 |   0.69520926
0.91399997 |   0.69464689
0.91500002 |    0.6941964
0.91600001 |   0.69391078
     0.917 |   0.69369632
0.91799998 |   0.69342262
0.91900003 |   0.69299483
0.92000002 |   0.69246072
     0.921 |   0.69190407
0.92199999 |   0.69139278
0.92299998 |   0.69093448
0.92400002 |     0.690521
0.92500001 |   0.69013453
     0.926 |   0.68971753
0.92699999 |   0.68920249
0.92799997 |   0.68854797
0.92900002 |   0.68781745
0.93000001 |   0.68710059
0.93099999 |    0.6864596
0.93199998 |     0.685848
0.93300003 |   0.68519169
0.93400002 |   0.68443608
     0.935 |   0.68360317
0.93599999 |   0.68273401
0.93699998 |   0.68185472
0.93800002 |   0.68093204
0.93900001 |    0.6799174
      0.94 |   0.67877674
0.94099998 |   0.67753404
0.94199997 |   0.67622733
0.94300002 |   0.67486769
0.94400001 |   0.67335784
0.94499999 |   0.67157316
0.94599998 |   0.66945934
0.94700003 |   0.66724283
0.94800001 |   0.66522092
     0.949 |   0.66359138
0.94999999 |   0.66215628
0.95099998 |   0.66061884
0.95200002 |   0.65874404
0.95300001 |   0.65655094
     0.954 |   0.65411913
0.95499998 |   0.65153778
0.95599997 |   0.64893162
0.95700002 |   0.64643425
     0.958 |   0.64415443
0.95899999 |    0.6420998
0.95999998 |   0.64025271
0.96100003 |   0.63856095
0.96200001 |   0.63683265
     0.963 |   0.63484085
0.96399999 |   0.63243335
0.96499997 |   0.62974823
0.96600002 |   0.62699687
0.96700001 |   0.62434655
0.96799999 |   0.62178695
0.96899998 |   0.61926275
0.97000003 |   0.61672395
0.97100002 |   0.61413985
     0.972 |   0.61148459
0.97299999 |   0.60873723
0.97399998 |   0.60589576
0.97500002 |   0.60296267
0.97600001 |   0.59994698
     0.977 |   0.59688598
0.97799999 |   0.59382284
0.97899997 |    0.5907976
0.98000002 |   0.58783776
0.98100001 |   0.58496761
0.98199999 |   0.58219188
0.98299998 |   0.57943523
0.98400003 |   0.57660347
0.98500001 |   0.57364041
     0.986 |   0.57064176
0.98699999 |   0.56774306
0.98799998 |   0.56504488
0.98900002 |   0.56250739
0.99000001 |   0.56005633
     0.991 |   0.55760902
0.99199998 |   0.55504835
0.99299997 |   0.55224872
0.99400002 |   0.54915214
     0.995 |   0.54596925
0.99599999 |   0.54297668
0.99699998 |   0.54038012
0.99800003 |   0.53809649
0.99900001 |   0.53597015
       1.0 |   0.53387934
     1.001 |   0.53183365
     1.002 |   0.52987808
     1.003 |   0.52804106
 1.0039999 |   0.52629125
     1.005 |    0.5245797
     1.006 |   0.52286941
     1.007 |   0.52116191
     1.008 |   0.51946622
 1.0089999 |   0.51780474
      1.01 |   0.51624101
     1.011 |   0.51484871
     1.012 |   0.51367414
     1.013 |   0.51264799
 1.0140001 |   0.51167113
     1.015 |   0.51064616
     1.016 |   0.50953531
     1.017 |   0.50843269
     1.018 |   0.50745142
 1.0190001 |   0.50666595
      1.02 |   0.50606096
     1.021 |    0.5056113
     1.022 |   0.50529224
     1.023 |    0.5050779
     1.024 |    0.5049445
     1.025 |   0.50488496
     1.026 |   0.50493139
     1.027 |   0.50512081
     1.028 |   0.50547045
     1.029 |   0.50594956
      1.03 |   0.50652313
     1.031 |   0.50715733
 1.0319999 |   0.50782251
     1.033 |   0.50848979
     1.034 |   0.50915819
     1.035 |   0.50988805
     1.036 |    0.5107494
 1.0369999 |    0.5117808
     1.038 |   0.51295543
     1.039 |   0.51423711
      1.04 |   0.51559269
     1.041 |   0.51699734
 1.0420001 |   0.51842529
     1.043 |   0.51987743
     1.044 |    0.5214051
     1.045 |   0.52306974
     1.046 |   0.52489549
 1.0470001 |   0.52683055
     1.048 |   0.52881318
     1.049 |   0.53080422
      1.05 |   0.53281903
     1.051 |   0.53487778
     1.052 |   0.53698766
     1.053 |   0.53912264
     1.054 |   0.54125303
 1.0549999 |   0.54336381
     1.056 |   0.54547387
     1.057 |   0.54760641
     1.058 |    0.5497703
     1.059 |   0.55194193
 1.0599999 |     0.554093
     1.061 |   0.55620503
     1.062 |   0.55828637
     1.063 |   0.56034738
     1.064 |   0.56238568
 1.0650001 |    0.5643751
     1.066 |   0.56628293
     1.067 |    0.5680849
     1.068 |   0.56977326
     1.069 |   0.57134145
 1.0700001 |   0.57279414
     1.071 |   0.57415766
     1.072 |    0.5754618
     1.073 |   0.57672495
     1.074 |   0.57793891
     1.075 |   0.57909262
     1.076 |   0.58016533
     1.077 |   0.58111268
 1.0779999 |   0.58188975
     1.079 |   0.58248323
      1.08 |   0.58295751
     1.081 |   0.58338541
     1.082 |   0.58380544
 1.0829999 |    0.5841791
     1.084 |   0.58445781
     1.085 |   0.58460838
     1.086 |   0.58463854
     1.087 |    0.5845592
 1.0880001 |   0.58438152
     1.089 |   0.58411485
      1.09 |   0.58376825
     1.091 |    0.5833568
     1.092 |   0.58290488
 1.0930001 |    0.5824402
     1.094 |   0.58196813
     1.095 |    0.5814473
     1.096 |   0.58082843
     1.097 |   0.58009684
     1.098 |   0.57930809
     1.099 |   0.57852787
       1.1 |   0.57778865
     1.101 |   0.57704639
     1.102 |    0.5762493
     1.103 |   0.57537544
     1.104 |   0.57447577
     1.105 |   0.57360846
 1.1059999 |   0.57280171
     1.107 |   0.57200831
     1.108 |   0.57117331
     1.109 |   0.57026547
      1.11 |   0.56930989
 1.1109999 |   0.56833959
     1.112 |   0.56737328
     1.113 |   0.56640071
     1.114 |   0.56540638
     1.115 |   0.56437922
 1.1160001 |   0.56331867
     1.117 |   0.56222719
     1.118 |   0.56110561
     1.119 |   0.55996025
      1.12 |   0.55879647
 1.1210001 |   0.55761182
     1.122 |   0.55638474
     1.123 |    0.5550918
     1.124 |   0.55371338
     1.125 |   0.55223721
     1.126 |   0.55065227
     1.127 |   0.54895175
     1.128 |   0.54713511
 1.1289999 |   0.54520327
      1.13 |   0.54315996
     1.131 |   0.54101491
     1.132 |   0.53877914
     1.133 |   0.53645056
 1.1339999 |   0.53399688
     1.135 |   0.53138179
     1.136 |   0.52858973
     1.137 |   0.52565074
     1.138 |   0.52259934
 1.1390001 |   0.51946181
      1.14 |   0.51624686
     1.141 |   0.51296049
     1.142 |     0.509606
     1.143 |   0.50617981
 1.1440001 |   0.50268131
     1.145 |   0.49911299
     1.146 |   0.49549791
     1.147 |   0.49186033
     1.148 |   0.48821867
     1.149 |   0.48458505
      1.15 |   0.48096758
     1.151 |    0.4773581
     1.152 |   0.47371283
     1.153 |   0.46998203
     1.154 |    0.4661456
     1.155 |   0.46224999
     1.156 |   0.45835054
 1.1569999 |   0.45448193
     1.158 |   0.45063481
     1.159 |   0.44679427
      1.16 |   0.44294828
     1.161 |   0.43909422
 1.1619999 |   0.43523136
     1.163 |   0.43135795
     1.164 |   0.42747691
     1.165 |   0.42358899
     1.166 |   0.41970015
 1.1670001 |   0.41582009
     1.168 |   0.41196057
     1.169 |   0.40812457
      1.17 |   0.40429324
     1.171 |   0.40044862
 1.1720001 |   0.39658165
     1.173 |    0.3927055
     1.174 |   0.38883865
     1.175 |   0.38499665
     1.176 |   0.38119468
     1.177 |   0.37744743
     1.178 |   0.37376019
     1.179 |   0.37012184
 1.1799999 |   0.36651605
     1.181 |   0.36293307
     1.182 |   0.35937056
     1.183 |   0.35582694
     1.184 |   0.35230681
 1.1849999 |   0.34882483
     1.186 |   0.34539911
     1.187 |   0.34204301
     1.188 |   0.33876035
     1.189 |    0.3355552
 1.1900001 |   0.33242387
     1.191 |   0.32935199
     1.192 |    0.3263227
     1.193 |   0.32332695
     1.194 |   0.32037517
 1.1950001 |   0.31747881
     1.196 |   0.31464452
     1.197 |   0.31186813
     1.198 |   0.30914146
     1.199 |   0.30646524
       1.2 |    0.3038516
     1.201 |   0.30131665
     1.202 |   0.29886425
 1.2029999 |   0.29647353
     1.204 |   0.29412159
     1.205 |   0.29179725
     1.206 |   0.28952193
     1.207 |    0.2873207
 1.2079999 |    0.2852084
     1.209 |   0.28317893
      1.21 |   0.28122282
     1.211 |   0.27933487
     1.212 |   0.27751818
 1.2130001 |   0.27577588
     1.214 |   0.27410582
     1.215 |   0.27249026
     1.216 |   0.27091005
     1.217 |   0.26935923
 1.2180001 |   0.26786238
     1.219 |   0.26644892
      1.22 |   0.26513386
     1.221 |   0.26390335
     1.222 |   0.26273975
     1.223 |   0.26162806
     1.224 |   0.26056337
     1.225 |   0.25954056
     1.226 |   0.25855431
     1.227 |   0.25759706
     1.228 |   0.25666091
     1.229 |   0.25574684
      1.23 |   0.25487334
 1.2309999 |   0.25406215
     1.232 |   0.25332505
     1.233 |   0.25264934
     1.234 |   0.25201949
     1.235 |   0.25142172
 1.2359999 |    0.2508454
     1.237 |   0.25028038
     1.238 |   0.24972466
     1.239 |    0.2491942
      1.24 |   0.24870697
 1.2410001 |    0.2482744
     1.242 |   0.24789153
     1.243 |   0.24755132
     1.244 |    0.2472481
     1.245 |   0.24697742
 1.2460001 |   0.24673583
     1.247 |   0.24652113
     1.248 |   0.24633561
     1.249 |   0.24618222
      1.25 |   0.24606395
     1.251 |    0.2459843
     1.252 |   0.24594706
     1.253 |   0.24594882
 1.2539999 |   0.24597155
     1.255 |   0.24599521
     1.256 |    0.2460143
     1.257 |   0.24605562
     1.258 |   0.24614981
 1.2589999 |   0.24631287
      1.26 |    0.2465277
     1.261 |   0.24677296
     1.262 |   0.24703337
     1.263 |   0.24730892
 1.2640001 |   0.24760167
     1.265 |   0.24791202
     1.266 |   0.24823759
     1.267 |   0.24857591
     1.268 |   0.24892783
 1.2690001 |   0.24930139
      1.27 |   0.24970622
     1.271 |   0.25014368
     1.272 |   0.25059643
     1.273 |   0.25104535
     1.274 |   0.25147483
     1.275 |   0.25187844
     1.276 |   0.25225136
     1.277 |   0.25259268
     1.278 |   0.25291201
     1.279 |   0.25321978
      1.28 |   0.25351992
     1.281 |   0.25380209
 1.2819999 |   0.25405318
     1.283 |   0.25426507
     1.284 |   0.25444046
     1.285 |   0.25458223
     1.286 |   0.25469321
 1.2869999 |   0.25477415
     1.288 |   0.25482562
     1.289 |   0.25484487
      1.29 |    0.2548241
     1.291 |   0.25475344
 1.2920001 |   0.25463173
     1.293 |   0.25447339
     1.294 |   0.25429642
     1.295 |   0.25411034
     1.296 |   0.25390986
 1.2970001 |   0.25368762
     1.298 |   0.25343713
     1.299 |   0.25315726
       1.3 |   0.25284654
     1.301 |   0.25250497
     1.302 |   0.25213712
     1.303 |   0.25174692
     1.304 |   0.25133812
 1.3049999 |   0.25091138
     1.306 |   0.25046796
     1.307 |     0.250009
     1.308 |   0.24953502
     1.309 |   0.24904692
 1.3099999 |   0.24854249
     1.311 |   0.24801323
     1.312 |    0.2474501
     1.313 |   0.24684978
     1.314 |   0.24622414
 1.3150001 |   0.24558665
     1.316 |   0.24494252
     1.317 |   0.24427819
     1.318 |   0.24357677
     1.319 |   0.24283114
 1.3200001 |    0.2420525
     1.321 |   0.24125446
     1.322 |   0.24044691
     1.323 |   0.23962812
     1.324 |   0.23879558
     1.325 |   0.23794614
     1.326 |   0.23707663
     1.327 |    0.2361833
 1.3279999 |   0.23526515
     1.329 |   0.23432766
      1.33 |   0.23337702
     1.331 |   0.23241925
     1.332 |   0.23146065
 1.3329999 |   0.23050655
     1.334 |    0.2295592
     1.335 |   0.22860977
     1.336 |   0.22764888
     1.337 |   0.22667043
 1.3380001 |   0.22567634
     1.339 |   0.22467014
      1.34 |   0.22365642
     1.341 |   0.22264245
     1.342 |   0.22163643
 1.3430001 |   0.22064337
     1.344 |   0.21966377
     1.345 |   0.21869716
     1.346 |    0.2177408
     1.347 |   0.21678825
     1.348 |   0.21583076
     1.349 |   0.21486613
      1.35 |   0.21390179
     1.351 |   0.21294692
     1.352 |   0.21200594
     1.353 |   0.21107234
     1.354 |   0.21013819
     1.355 |   0.20919546
 1.3559999 |    0.2082371
     1.357 |   0.20725566
     1.358 |   0.20624544
     1.359 |    0.2052045
      1.36 |   0.20413138
 1.3609999 |    0.2030254
     1.362 |   0.20188816
     1.363 |   0.20072147
     1.364 |   0.19952258
     1.365 |   0.19827993
 1.3660001 |   0.19698049
     1.367 |   0.19561052
     1.368 |   0.19415267
     1.369 |   0.19258961
      1.37 |   0.19091074
 1.3710001 |   0.18912067
     1.372 |   0.18722585
     1.373 |   0.18522726
     1.374 |   0.18311508
     1.375 |   0.18087673
     1.376 |    0.1785018
     1.377 |    0.1759817
     1.378 |   0.17330746
 1.3789999 |   0.17047757
      1.38 |   0.16750155
     1.381 |   0.16439214
     1.382 |   0.16116171
     1.383 |   0.15782014
 1.3839999 |   0.15437853
     1.385 |   0.15084383
     1.386 |   0.14721748
     1.387 |   0.14350049
     1.388 |   0.13969886
 1.3890001 |    0.1358351
      1.39 |   0.13193199
     1.391 |   0.12801364
     1.392 |   0.12410383
     1.393 |    0.1202252
 1.3940001 |   0.11639826
     1.395 |   0.11263375
     1.396 |   0.10894218
     1.397 |   0.10532911
     1.398 |   0.10178731
     1.399 |  0.098309703
       1.4 |  0.094896361
     1.401 |  0.091568373
     1.402 |  0.088349663
     1.403 |  0.085253388
     1.404 |   0.08227291
     1.405 |  0.079397485
     1.406 |  0.076617956
 1.4069999 |  0.073926769
     1.408 |  0.071315579
     1.409 |   0.06877894
      1.41 |  0.066314034
     1.411 |  0.063919559
 1.4119999 |  0.061595462
     1.413 |  0.059344094
     1.414 |  0.057169355
     1.415 |  0.055070851
     1.416 |  0.053042039
 1.4170001 |  0.051075455
     1.418 |  0.049164023
     1.419 |  0.047304533
      1.42 |  0.045493126
     1.421 |  0.043729421
 1.4220001 |  0.042019185
     1.423 |  0.040368382
     1.424 |  0.038780447
     1.425 |   0.03725056
     1.426 |  0.035773452
     1.427 |  0.034345996
     1.428 |  0.032969311
     1.429 |  0.031645834
 1.4299999 |  0.030376002
     1.431 |  0.029157856
     1.432 |  0.027988875
     1.433 |  0.026865412
     1.434 |  0.025782451
 1.4349999 |  0.024734287
     1.436 |  0.023718484
     1.437 |   0.02273909
     1.438 |  0.021800747
     1.439 |  0.020907361
 1.4400001 |  0.020060079
     1.441 |  0.019259995
     1.442 |  0.018506205
     1.443 |  0.017793188
     1.444 |  0.017115213
 1.4450001 |  0.016468076
     1.446 |  0.015852109
     1.447 |  0.015268158
     1.448 |  0.014716767
     1.449 |  0.014198451
      1.45 |  0.013713434
     1.451 |  0.013260128
     1.452 |  0.012832435
 1.4529999 |  0.012423527
     1.454 |  0.012029555
     1.455 |  0.011652609
     1.456 |  0.011295786
     1.457 |  0.010963016
 1.4579999 |  0.010660015
     1.459 |  0.010392889
      1.46 |  0.010161628
     1.461 | 0.0099529801
     1.462 | 0.0097519448
 1.4630001 | 0.0095491735
     1.464 | 0.0093482155
     1.465 | 0.0091542657
     1.466 | 0.0089712851
     1.467 | 0.0088002812
 1.4680001 |  0.008641813
     1.469 | 0.0084950561
      1.47 | 0.0083558355
     1.471 |  0.008219678
     1.472 | 0.0080861021
     1.473 |  0.007963581
     1.474 | 0.0078618955
     1.475 | 0.0077854362
     1.476 |  0.007726857
     1.477 | 0.0076771993
     1.478 |  0.007630059
     1.479 | 0.0075847479
      1.48 | 0.0075413259
 1.4809999 | 0.0074994476
     1.482 | 0.0074578598
     1.483 | 0.0074151461
     1.484 | 0.0073714573
     1.485 | 0.0073303059
 1.4859999 | 0.0072956961
     1.487 | 0.0072696526
     1.488 | 0.0072498834
     1.489 | 0.0072334991
      1.49 | 0.0072192647
 1.4910001 | 0.0072095655
     1.492 | 0.0072073014
     1.493 | 0.0072137555
     1.494 | 0.0072266925
     1.495 | 0.0072434056
 1.4960001 | 0.0072618644
     1.497 | 0.0072816322
     1.498 | 0.0073024733
     1.499 |  0.007324235
       1.5 | 0.0073470045
     1.501 | 0.0073708761
     1.502 |  0.007394921
     1.503 | 0.0074160104
 1.5039999 |  0.007430715
     1.505 | 0.0074389828
     1.506 |   0.00744831
     1.507 | 0.0074671921
     1.508 | 0.0074996781
 1.5089999 | 0.0075398246
      1.51 |  0.007580399
     1.511 | 0.0076163686
     1.512 | 0.0076476946
     1.513 | 0.0076750363
 1.5140001 | 0.0077005685
     1.515 | 0.0077298614
     1.516 | 0.0077689462
     1.517 | 0.0078187063
     1.518 | 0.0078686317
 1.5190001 | 0.0079066837
      1.52 | 0.0079277158
     1.521 | 0.0079419231
     1.522 | 0.0079615656
     1.523 |  0.007993035
     1.524 | 0.0080296658
     1.525 | 0.0080630612
     1.526 | 0.0080900537
     1.527 | 0.0081191715
     1.528 | 0.0081605203
     1.529 | 0.0082187001
      1.53 |  0.008286112
     1.531 | 0.0083535286
 1.5319999 | 0.0084147984
     1.533 | 0.0084707309
     1.534 | 0.0085230581
     1.535 | 0.0085738841
     1.536 | 0.0086261611
 1.5369999 | 0.0086829253
     1.538 | 0.0087461285
     1.539 | 0.0088152597
      1.54 | 0.0088894749
     1.541 | 0.0089672897
 1.5420001 |  0.009045762
     1.543 | 0.0091218343
     1.544 | 0.0091937389
     1.545 | 0.0092628291
     1.546 | 0.0093308194
 1.5470001 | 0.0094001582
     1.548 |  0.009474921
     1.549 | 0.0095593557
      1.55 | 0.0096545378
     1.551 | 0.0097543597
     1.552 | 0.0098517351
     1.553 | 0.0099430168
     1.554 |  0.010032007
 1.5549999 |  0.010123571
     1.556 |  0.010220503
     1.557 |  0.010321084
     1.558 |  0.010423003
     1.559 |  0.010525291
 1.5599999 |  0.010630131
     1.561 |  0.010740081
     1.562 |  0.010856183
     1.563 |   0.01097618
     1.564 |   0.01109728
 1.5650001 |  0.011217383
     1.566 |  0.011335805
     1.567 |  0.011452025
     1.568 |  0.011568042
     1.569 |  0.011691257
 1.5700001 |  0.011829852
     1.571 |  0.011985977
     1.572 |   0.01214863
     1.573 |  0.012305036
     1.574 |  0.012447947
     1.575 |  0.012582575
     1.576 |  0.012715751
     1.577 |  0.012852928
 1.5779999 |  0.012996484
     1.579 |  0.013148293
      1.58 |  0.013307415
     1.581 |  0.013466479
     1.582 |  0.013617244
 1.5829999 |  0.013757084
     1.584 |  0.013895645
     1.585 |  0.014044287
     1.586 |  0.014208551
     1.587 |  0.014381147
 1.5880001 |  0.014553134
     1.589 |  0.014718158
      1.59 |  0.014875902
     1.591 |  0.015026846
     1.592 |  0.015173502
 1.5930001 |  0.015323075
     1.594 |  0.015483256
     1.595 |  0.015656048
     1.596 |  0.015830472
     1.597 |  0.015993819
     1.598 |  0.016138701
     1.599 |  0.016269477
       1.6 |  0.016392166
     1.601 |  0.016512536
     1.602 |  0.016635863
     1.603 |  0.016767349
     1.604 |  0.016908722
     1.605 |  0.017053884
 1.6059999 |  0.017195717
     1.607 |  0.017329341
     1.608 |  0.017454917
     1.609 |  0.017573321
      1.61 |  0.017686864
 1.6109999 |   0.01780111
     1.612 |  0.017922061
     1.613 |  0.018051734
     1.614 |  0.018183226
     1.615 |   0.01830847
 1.6160001 |  0.018422939
     1.617 |  0.018529912
     1.618 |  0.018633861
     1.619 |  0.018738152
      1.62 |  0.018843932
 1.6210001 |  0.018951984
     1.622 |  0.019063013
     1.623 |   0.01917758
     1.624 |  0.019296089
     1.625 |  0.019418348
     1.626 |  0.019542489
     1.627 |  0.019666476
     1.628 |  0.019789224
 1.6289999 |  0.019911675
      1.63 |  0.020035084
     1.631 |  0.020160433
     1.632 |  0.020287981
     1.633 |  0.020417979
 1.6339999 |  0.020551123
     1.635 |  0.020689111
     1.636 |  0.020833729
     1.637 |  0.020984538
     1.638 |  0.021136092
 1.6390001 |  0.021282222
      1.64 |  0.021420375
     1.641 |  0.021555904
     1.642 |  0.021695208
     1.643 |  0.021842826
 1.6440001 |  0.021999005
     1.645 |  0.022163434
     1.646 |  0.022334917
     1.647 |  0.022510491
     1.648 |  0.022686945
     1.649 |  0.022861961
      1.65 |  0.023035279
     1.651 |   0.02320686
     1.652 |  0.023375772
     1.653 |  0.023539275
     1.654 |  0.023694219
     1.655 |  0.023840377
     1.656 |  0.023983613
 1.6569999 |  0.024130698
     1.658 |  0.024286482
     1.659 |  0.024451399
      1.66 |   0.02462532
     1.661 |  0.024806103
 1.6619999 |  0.024987342
     1.663 |  0.025162065
     1.664 |  0.025328659
     1.665 |  0.025497718
     1.666 |  0.025681295
 1.6670001 |  0.025882952
     1.668 |  0.026087105
     1.669 |  0.026275529
      1.67 |  0.026440162
     1.671 |  0.026595179
 1.6720001 |  0.026757836
     1.673 |  0.026937198
     1.674 |  0.027123988
     1.675 |  0.027306577
     1.676 |  0.027478235
     1.677 |  0.027643347
     1.678 |  0.027807796
     1.679 |  0.027976735
 1.6799999 |  0.028153908
     1.681 |  0.028342711
     1.682 |  0.028543053
     1.683 |  0.028747058
     1.684 |  0.028945718
 1.6849999 |  0.029133767
     1.686 |  0.029313963
     1.687 |  0.029490106
     1.688 |  0.029667236
     1.689 |  0.029852601
 1.6900001 |  0.030053837
     1.691 |  0.030271986
     1.692 |  0.030493317
     1.693 |  0.030702289
     1.694 |  0.030890414
 1.6950001 |  0.031065436
     1.696 |    0.0312372
     1.697 |  0.031413145
     1.698 |  0.031595312
     1.699 |  0.031784844
       1.7 |  0.031979382
     1.701 |  0.032168161
     1.702 |  0.032339305
 1.7029999 |  0.032488946
     1.704 |  0.032630853
     1.705 |  0.032781161
     1.706 |  0.032949116
     1.707 |  0.033128485
 1.7079999 |  0.033311028
     1.709 |  0.033490442
      1.71 |  0.033664804
     1.711 |  0.033832785
     1.712 |  0.033993673
 1.7130001 |  0.034148153
     1.714 |  0.034297194
     1.715 |  0.034441888
     1.716 |  0.034584008
     1.717 |    0.0347252
 1.7180001 |  0.034866311
     1.719 |  0.035005983
      1.72 |  0.035142582
     1.721 |   0.03527575
     1.722 |   0.03540786
     1.723 |   0.03554178
     1.724 |  0.035678215
     1.725 |  0.035813279
     1.726 |   0.03594245
     1.727 |  0.036063172
     1.728 |  0.036176957
     1.729 |  0.036286045
      1.73 |  0.036391534
 1.7309999 |  0.036492296
     1.732 |  0.036586944
     1.733 |  0.036675461
     1.734 |  0.036760803
     1.735 |  0.036846463
 1.7359999 |   0.03693499
     1.737 |  0.037026994
     1.738 |  0.037122905
     1.739 |  0.037220776
      1.74 |  0.037313506
 1.7410001 |   0.03739332
     1.742 |  0.037454993
     1.743 |  0.037498698
     1.744 |  0.037525449
     1.745 |  0.037538875
 1.7460001 |  0.037548654
     1.747 |  0.037565183
     1.748 |   0.03759386
     1.749 |  0.037628852
      1.75 |  0.037662927
     1.751 |  0.037692878
     1.752 |  0.037725117
     1.753 |  0.037767097
 1.7539999 |  0.037819475
     1.755 |  0.037867632
     1.756 |  0.037894838
     1.757 |  0.037894998
     1.758 |  0.037885759
 1.7589999 |  0.037887823
      1.76 |  0.037912939
     1.761 |  0.037952453
     1.762 |  0.037995163
     1.763 |  0.038034305
 1.7640001 |  0.038073543
     1.765 |  0.038117848
     1.766 |  0.038169026
     1.767 |  0.038221575
     1.768 |  0.038269009
 1.7690001 |  0.038309786
      1.77 |  0.038353093
     1.771 |  0.038409457
     1.772 |  0.038482901
     1.773 |  0.038562678
     1.774 |  0.038635973
     1.775 |  0.038700849
     1.776 |  0.038779322
     1.777 |  0.038896546
     1.778 |  0.039063763
     1.779 |  0.039260793
      1.78 |  0.039463408
     1.781 |  0.039653279
 1.7819999 |  0.039825566
     1.783 |  0.039977387
     1.784 |  0.040114876
     1.785 |  0.040264908
     1.786 |  0.040456757
 1.7869999 |  0.040681716
     1.788 |  0.040846162
     1.789 |  0.040844914
      1.79 |  0.040634666
     1.791 |  0.040320102
 1.7920001 |  0.040027831
     1.793 |  0.039851166
     1.794 |  0.039797172
     1.795 |  0.039859053
     1.796 |    0.0400206
 1.7970001 |  0.040238675
     1.798 |  0.040465564
     1.799 |  0.040663633
       1.8 |  0.040826328
     1.801 |  0.040952761
     1.802 |  0.041049227
     1.803 |  0.041145105
     1.804 |   0.04127454
 1.8049999 |  0.041464034
     1.806 |  0.041712653
     1.807 |   0.04201334
     1.808 |  0.042353921
     1.809 |  0.042701658
 1.8099999 |  0.043019038
     1.811 |  0.043276876
     1.812 |  0.043480717
     1.813 |  0.043645408
     1.814 |  0.043784924
 1.8150001 |   0.04391057
     1.816 |  0.044032577
     1.817 |  0.044155791
     1.818 |  0.044258285
     1.819 |  0.044309702
 1.8200001 |  0.044289242
     1.821 |  0.044225916
     1.822 |  0.044165459
     1.823 |  0.044149037
     1.824 |  0.044191714
     1.825 |  0.044299282
     1.826 |  0.044472419
     1.827 |  0.044678979
 1.8279999 |  0.044874456
     1.829 |  0.045017511
      1.83 |  0.045090556
     1.831 |  0.045085646
     1.832 |   0.04500014
 1.8329999 |  0.044869509
     1.834 |  0.044746574
     1.835 |  0.044676922
     1.836 |  0.044648308
     1.837 |  0.044620279
 1.8380001 |  0.044555936
     1.839 |  0.044451665
      1.84 |  0.044321112
     1.841 |  0.044177189
     1.842 |  0.044024143
 1.8430001 |  0.043861188
     1.844 |  0.043685302
     1.845 |  0.043469127
     1.846 |  0.043170594
     1.847 |  0.042752285
     1.848 |  0.042230725
     1.849 |  0.041658245
      1.85 |  0.041085303
     1.851 |  0.040537119
     1.852 |  0.040021088
     1.853 |  0.039541524
     1.854 |  0.039067626
     1.855 |  0.038541764
 1.8559999 |  0.037909277
     1.857 |  0.037170917
     1.858 |   0.03637157
     1.859 |  0.035556085
      1.86 |   0.03474072
 1.8609999 |  0.033917498
     1.862 |  0.033077992
     1.863 |  0.032219656
     1.864 |  0.031345949
     1.865 |  0.030460216
 1.8660001 |  0.029567046
     1.867 |  0.028671741
     1.868 |  0.027779007
     1.869 |  0.026883915
      1.87 |  0.025970243
 1.8710001 |  0.025022479
     1.872 |  0.024040461
     1.873 |  0.023041803
     1.874 |  0.022045469
     1.875 |  0.021069026
     1.876 |   0.02012926
     1.877 |   0.01924251
     1.878 |  0.018411625
 1.8789999 |  0.017622428
      1.88 |  0.016859293
     1.881 |  0.016110349
     1.882 |  0.015368586
     1.883 |  0.014627379
 1.8839999 |  0.013897546
     1.885 |   0.01321536
     1.886 |  0.012619055
     1.887 |  0.012115268
     1.888 |  0.011659325
 1.8890001 |  0.011202357
      1.89 |  0.010721758
     1.891 |  0.010241237
     1.892 | 0.0097890273
     1.893 | 0.0093813762
 1.8940001 | 0.0090124775
     1.895 | 0.0086739035
     1.896 | 0.0083573135
     1.897 | 0.0080543002
     1.898 | 0.0077564083
     1.899 |   0.00746261
       1.9 |  0.007187645
     1.901 | 0.0069484594
     1.902 | 0.0067561259
     1.903 |  0.006607994
     1.904 | 0.0064994958
     1.905 | 0.0064191343
     1.906 | 0.0063380348
 1.9069999 | 0.0062246299
     1.908 | 0.0060626119
     1.909 | 0.0058775856
      1.91 | 0.0057021389
     1.911 | 0.0055570682
 1.9119999 | 0.0054279785
     1.913 | 0.0052939979
     1.914 | 0.0051429812
     1.915 | 0.0049904506
     1.916 | 0.0048575155
 1.9170001 | 0.0047597443
     1.918 | 0.0046934583
     1.919 | 0.0046508801
      1.92 | 0.0046244622
     1.921 | 0.0046077231
 1.9220001 | 0.0045944173
     1.923 | 0.0045783878
     1.924 | 0.0045538647
     1.925 | 0.0045151683
     1.926 | 0.0044595166
     1.927 | 0.0043969355
     1.928 | 0.0043409467
     1.929 |  0.004303162
 1.9299999 | 0.0042858855
     1.931 | 0.0042886771
     1.932 | 0.0043106568
     1.933 | 0.0043488373
     1.934 | 0.0043995073
 1.9349999 | 0.0044583231
     1.936 | 0.0045171888
     1.937 | 0.0045666923
     1.938 | 0.0045975624
     1.939 | 0.0046011768
 1.9400001 | 0.0045691682
     1.941 | 0.0044965763
     1.942 | 0.0044009113
     1.943 | 0.0043088151
     1.944 |  0.004244932
 1.9450001 | 0.0042188698
     1.946 | 0.0042336741
     1.947 | 0.0042895637
     1.948 | 0.0043648751
     1.949 | 0.0044275345
      1.95 | 0.0044487189
     1.951 | 0.0044278698
     1.952 | 0.0043788748
 1.9529999 | 0.0043155933
     1.954 | 0.0042507672
     1.955 | 0.0041964753
     1.956 | 0.0041629476
     1.957 | 0.0041410062
 1.9579999 | 0.0041100113
     1.959 | 0.0040524076
      1.96 | 0.0039837747
     1.961 | 0.0039392975
     1.962 | 0.0039508301
 1.9630001 |  0.004013211
     1.964 | 0.0040994314
     1.965 | 0.0041829143
     1.966 | 0.0042441185
     1.967 | 0.0042676954
 1.9680001 | 0.0042411545
     1.969 | 0.0041808449
      1.97 | 0.0041201306
     1.971 | 0.0040896125
     1.972 |  0.004088684
     1.973 | 0.0040983418
     1.974 | 0.0041008662
     1.975 | 0.0040942812
     1.976 | 0.0040858914
     1.977 | 0.0040826621
     1.978 | 0.0040868791
     1.979 | 0.0040980503
      1.98 | 0.0041152099
 1.9809999 | 0.0041327192
     1.982 | 0.0041422118
     1.983 | 0.0041362429
     1.984 | 0.0041174041
     1.985 | 0.0040942021
 1.9859999 | 0.0040754015
     1.987 | 0.0040716212
     1.988 | 0.0040945667
     1.989 | 0.0041540381
      1.99 | 0.0042401254
 1.9910001 | 0.0043312591
     1.992 | 0.0044067823
     1.993 | 0.0044572367
     1.994 | 0.0044797082
     1.995 | 0.0044719484
 1.9960001 | 0.0044375923
     1.997 | 0.0043837465
     1.998 | 0.0043174052
     1.999 | 0.0042442041
       2.0 | 0.0041689221
 2.0009999 | 0.0040967874
 2.0020001 |  0.004037377
     2.003 | 0.0040029036
 2.0039999 | 0.0040041767
 2.0050001 | 0.0040375292
     2.006 | 0.0040907376
     2.007 | 0.0041514318
 2.0079999 | 0.0042068572
 2.0090001 | 0.0042440384
      2.01 | 0.0042521218
 2.0109999 | 0.0042426935
 2.0120001 | 0.0042405319
     2.013 | 0.0042671547
 2.0139999 |   0.00430864
 2.0150001 |  0.004330168
     2.016 | 0.0043007904
     2.017 | 0.0042323917
 2.0179999 | 0.0041621211
 2.0190001 | 0.0041244025
      2.02 | 0.0041222125
 2.0209999 | 0.0041399091
 2.0220001 | 0.0041631884
     2.023 | 0.0041935286
 2.0239999 | 0.0042417948
 2.0250001 |  0.004316038
     2.026 | 0.0043940335
     2.027 | 0.0044357618
 2.0280001 | 0.0044058003
     2.029 | 0.0043184846
      2.03 |  0.004217607
 2.0309999 | 0.0041439813
 2.0320001 | 0.0041045006
     2.033 | 0.0040860618
 2.0339999 |  0.004076994
 2.0350001 | 0.0040835273
     2.036 | 0.0041224435
 2.0369999 | 0.0042071193
 2.0380001 | 0.0043144859
     2.039 | 0.0043999627
      2.04 | 0.0044212304
 2.0409999 | 0.0043630041
 2.0420001 | 0.0042257896
     2.043 | 0.0040150238
 2.0439999 |  0.003783351
 2.0450001 | 0.0036113341
     2.046 | 0.0035715294
 2.0469999 | 0.0036486674
 2.0480001 | 0.0037758294
     2.049 | 0.0038893998
      2.05 | 0.0039666942
 2.0510001 |  0.004009298
     2.052 |  0.004019727
     2.053 | 0.0040072445
 2.0539999 | 0.0039850953
 2.0550001 | 0.0039660507
     2.056 | 0.0039575794
 2.0569999 | 0.0039639887
 2.0580001 | 0.0039882381
     2.059 | 0.0040196623
 2.0599999 | 0.0040395358
 2.0610001 | 0.0040317271
     2.062 | 0.0040078466
     2.063 | 0.0039958768
 2.0639999 | 0.0040222351
 2.0650001 | 0.0040950314
     2.066 | 0.0042114984
 2.0669999 | 0.0043666693
 2.0680001 | 0.0045336983
     2.069 | 0.0046728747
 2.0699999 | 0.0047480026
 2.0710001 | 0.0047620884
     2.072 | 0.0047411588
     2.073 | 0.0047104075
 2.0739999 | 0.0046831183
     2.075 | 0.0046655666
     2.076 | 0.0046627377
 2.0769999 | 0.0046672095
 2.0780001 | 0.0046642609
     2.079 | 0.0046401722
 2.0799999 | 0.0045926562
 2.0810001 | 0.0045261653
     2.082 | 0.0044463277
 2.0829999 | 0.0043703667
 2.0840001 | 0.0043222546
     2.085 | 0.0043232352
     2.086 | 0.0043650749
 2.0869999 | 0.0044221627
 2.0880001 | 0.0044707907
     2.089 | 0.0045092828
 2.0899999 | 0.0045489199
 2.0910001 | 0.0046006781
     2.092 | 0.0046703471
 2.0929999 | 0.0047606095
 2.0940001 | 0.0048720748
     2.095 | 0.0049839802
     2.096 | 0.0050628469
 2.0969999 | 0.0050805821
     2.098 | 0.0050653093
     2.099 | 0.0050783898
 2.0999999 | 0.0051728538
 2.1010001 | 0.0053114081
     2.102 | 0.0054035028
 2.1029999 | 0.0053686141
 2.1040001 | 0.0052376864
     2.105 | 0.0051073581
 2.1059999 | 0.0050671715
 2.1070001 | 0.0051233456
     2.108 | 0.0052330419
     2.109 | 0.0053539714
 2.1099999 | 0.0054556192
 2.1110001 | 0.0055145393
     2.112 | 0.0055120811
 2.1129999 | 0.0054785619
 2.1140001 | 0.0054731527
     2.115 | 0.0055492478
 2.1159999 | 0.0056961146
 2.1170001 | 0.0058652591
     2.118 | 0.0060111163
     2.119 | 0.0061238226
 2.1199999 | 0.0062144585
 2.1210001 | 0.0062932079
     2.122 | 0.0063571651
 2.1229999 |  0.006395678
 2.1240001 | 0.0064007384
     2.125 | 0.0063921558
 2.1259999 | 0.0064061936
 2.1270001 | 0.0064749597
     2.128 | 0.0065856483
 2.1289999 | 0.0066989404
 2.1300001 | 0.0067790565
     2.131 | 0.0068309763
     2.132 | 0.0068837008
 2.1329999 | 0.0069645927
 2.1340001 | 0.0070814979
     2.135 | 0.0072307186
 2.1359999 | 0.0074071372
 2.1370001 |  0.007593473
     2.138 | 0.0077652079
 2.1389999 | 0.0079005733
 2.1400001 | 0.0080070207
     2.141 | 0.0081093358
     2.142 | 0.0082288915
 2.1429999 |  0.008348993
 2.1440001 | 0.0084306514
     2.145 |  0.008439512
 2.1459999 | 0.0083922995
 2.1470001 | 0.0083358921
     2.148 | 0.0083158575
 2.1489999 | 0.0083601018
 2.1500001 | 0.0084860539
     2.151 | 0.0087060845
     2.152 | 0.0089813992
 2.1530001 | 0.0092427842
     2.154 | 0.0094275214
     2.155 | 0.0095420005
 2.1559999 | 0.0096333763
 2.1570001 | 0.0097443517
     2.158 | 0.0098654786
 2.1589999 | 0.0099565713
 2.1600001 | 0.0099826194
     2.161 |  0.009967206
 2.1619999 | 0.0099684447
 2.1630001 |  0.010040752
     2.164 |  0.010196316
     2.165 |  0.010422426
 2.1659999 |  0.010703844
 2.1670001 |  0.011004621
     2.168 |  0.011276424
 2.1689999 |  0.011475649
 2.1700001 |  0.011608524
     2.171 |  0.011710943
 2.1719999 |  0.011817191
 2.1730001 |  0.011941303
     2.174 |  0.012085526
     2.175 |  0.012250405
 2.1760001 |  0.012420639
     2.177 |  0.012571739
     2.178 |  0.012682778
 2.1789999 |  0.012771335
 2.1800001 |  0.012877575
     2.181 |  0.013037808
 2.1819999 |  0.013244881
 2.1830001 |  0.013465715
     2.184 |  0.013667378
 2.1849999 |  0.013820382
 2.1860001 |  0.013897093
     2.187 |  0.013876458
     2.188 |  0.013803212
 2.1889999 |  0.013760992
 2.1900001 |  0.013825131
     2.191 |  0.013987606
 2.1919999 |  0.014194673
 2.1930001 |   0.01439584
     2.194 |  0.014574277
 2.1949999 |  0.014730266
 2.1960001 |  0.014864546
     2.197 |  0.014981865
     2.198 |  0.015088771
 2.1989999 |  0.015190864
       2.2 |  0.015287053
     2.201 |  0.015373257
 2.2019999 |  0.015448097
 2.2030001 |  0.015527685
     2.204 |  0.015635336
 2.2049999 |  0.015787525
 2.2060001 |  0.015958153
     2.207 |  0.016105147
 2.2079999 |  0.016196873
 2.2090001 |  0.016261145
      2.21 |  0.016346587
     2.211 |    0.0164904
 2.2119999 |  0.016670054
 2.2130001 |  0.016843392
     2.214 |  0.016976969
 2.2149999 |  0.017078415
 2.2160001 |  0.017167563
     2.217 |  0.017260505
 2.2179999 |  0.017356321
 2.2190001 |  0.017449396
      2.22 |  0.017535061
     2.221 |  0.017613208
 2.2219999 |  0.017684814
     2.223 |   0.01775153
     2.224 |  0.017817896
 2.2249999 |  0.017889172
 2.2260001 |  0.017965142
     2.227 |  0.018026976
 2.2279999 |  0.018051708
 2.2290001 |  0.018032109
      2.23 |  0.018011706
 2.2309999 |  0.018044224
 2.2320001 |  0.018160051
     2.233 |  0.018319512
     2.234 |  0.018470045
 2.2349999 |  0.018574903
 2.2360001 |  0.018641176
     2.237 |  0.018683555
 2.2379999 |  0.018719189
 2.2390001 |  0.018771788
      2.24 |   0.01886585
 2.2409999 |  0.019000033
 2.2420001 |  0.019111125
     2.243 |  0.019127162
     2.244 |  0.019026343
 2.2449999 |  0.018897362
 2.2460001 |   0.01884339
     2.247 |  0.018912211
 2.2479999 |  0.019038564
 2.2490001 |  0.019143496
      2.25 |  0.019179834
 2.2509999 |  0.019160906
 2.2520001 |  0.019106714
     2.253 |  0.019034067
 2.2539999 |  0.018953959
 2.2550001 |  0.018876733
     2.256 |  0.018807894
     2.257 |  0.018744877
 2.2579999 |  0.018684285
 2.2590001 |   0.01862081
      2.26 |   0.01854608
 2.2609999 |  0.018451689
 2.2620001 |  0.018342324
     2.263 |   0.01824142
 2.2639999 |  0.018173283
 2.2650001 |  0.018140415
     2.266 |  0.018116221
     2.267 |  0.018072477
 2.2679999 |  0.017993052
 2.2690001 |  0.017877052
      2.27 |   0.01772476
 2.2709999 |  0.017541995
 2.2720001 |  0.017341113
     2.273 |  0.017134707
 2.2739999 |  0.016929001
 2.2750001 |  0.016723337
     2.276 |  0.016517254
     2.277 |  0.016317982
 2.2780001 |   0.01614082
     2.279 |  0.016000411
      2.28 |  0.015891299
 2.2809999 |  0.015788918
 2.2820001 |  0.015669063
     2.283 |  0.015528205
 2.2839999 |  0.015380845
 2.2850001 |  0.015241011
     2.286 |  0.015105629
 2.2869999 |  0.014957354
 2.2880001 |  0.014779881
     2.289 |  0.014578762
      2.29 |  0.014376394
 2.2909999 |  0.014194237
 2.2920001 |  0.014037137
     2.293 |  0.013898221
 2.2939999 |  0.013770195
 2.2950001 |  0.013645475
     2.296 |  0.013516336
 2.2969999 |  0.013374557
 2.2980001 |  0.013207006
     2.299 |  0.012997445
       2.3 |  0.012732998
 2.3010001 |  0.012432794
     2.302 |   0.01213459
     2.303 |  0.011874412
 2.3039999 |  0.011668519
 2.3050001 |  0.011522713
     2.306 |   0.01143762
 2.3069999 |  0.011370317
 2.3080001 |  0.011256234
     2.309 |  0.011042945
 2.3099999 |  0.010773423
 2.3110001 |  0.010534653
     2.312 |  0.010399194
     2.313 |  0.010335957
 2.3139999 |  0.010269031
 2.3150001 |  0.010135058
     2.316 | 0.0099533927
 2.3169999 | 0.0097763017
 2.3180001 | 0.0096488772
     2.319 | 0.0095729874
 2.3199999 | 0.0095345108
 2.3210001 | 0.0095160613
     2.322 | 0.0094826808
     2.323 | 0.0093934424
 2.3239999 | 0.0092186788
     2.325 | 0.0089860531
     2.326 | 0.0087415837
 2.3269999 | 0.0085252086
 2.3280001 | 0.0083489288
     2.329 | 0.0082165552
 2.3299999 | 0.0081280293
 2.3310001 | 0.0080661187
     2.332 | 0.0080089765
 2.3329999 | 0.0079379464
 2.3340001 | 0.0078468863
     2.335 | 0.0077327802
     2.336 | 0.0076031238
 2.3369999 | 0.0075068832
 2.3380001 | 0.0075034378
     2.339 |   0.00762353
 2.3399999 | 0.0077828909
 2.3410001 | 0.0078686168
     2.342 |  0.007801882
 2.3429999 |  0.007640433
 2.3440001 |  0.007476076
     2.345 | 0.0073816581
     2.346 | 0.0073542078
 2.3469999 | 0.0073717036
     2.348 | 0.0074088047
     2.349 | 0.0074267765
 2.3499999 | 0.0073835142
 2.3510001 | 0.0072547565
     2.352 | 0.0070874654
 2.3529999 | 0.0069465404
 2.3540001 | 0.0068772398
     2.355 | 0.0068468037
 2.3559999 | 0.0068029761
 2.3570001 | 0.0067099547
     2.358 | 0.0065979222
     2.359 | 0.0065134987
 2.3599999 | 0.0064915093
 2.3610001 | 0.0065191505
     2.362 | 0.0065717646
 2.3629999 | 0.0066220188
 2.3640001 | 0.0066319825
     2.365 | 0.0065610609
 2.3659999 | 0.0063913511
 2.3670001 | 0.0061955024
     2.368 | 0.0060688369
     2.369 | 0.0060802912
 2.3699999 |  0.006193249
 2.3710001 | 0.0063446839
     2.372 | 0.0064784647
 2.3729999 | 0.0065655941
 2.3740001 | 0.0065840259
     2.375 |  0.006522215
 2.3759999 |  0.006411009
 2.3770001 | 0.0062917941
     2.378 | 0.0062003294
 2.3789999 | 0.0061498797
 2.3800001 | 0.0061480948
     2.381 | 0.0061952174
     2.382 | 0.0062620286
 2.3829999 | 0.0063118734
 2.3840001 | 0.0063190665
     2.385 | 0.0063015199
 2.3859999 | 0.0062880926
 2.3870001 |  0.006295586
     2.388 | 0.0062927315
 2.3889999 | 0.0062362263
 2.3900001 | 0.0061013908
     2.391 | 0.0059378832
     2.392 | 0.0058139432
 2.3929999 | 0.0057743783
 2.3940001 | 0.0057698414
     2.395 | 0.0057274811
 2.3959999 |  0.005599115
 2.3970001 | 0.0054350328
     2.398 | 0.0053101415
 2.3989999 | 0.0052734306
 2.4000001 | 0.0052702175
     2.401 | 0.0052198418
     2.402 | 0.0050676279
 2.4030001 | 0.0048629735
     2.404 | 0.0046811234
     2.405 | 0.0045796568
 2.4059999 | 0.0045454912
 2.4070001 | 0.0045478093
     2.408 | 0.0045587877
 2.4089999 | 0.0045624911
 2.4100001 | 0.0045459536
     2.411 | 0.0045021097
 2.4119999 |   0.00444747
 2.4130001 | 0.0044044945
     2.414 | 0.0043894434
     2.415 | 0.0043940404
 2.4159999 | 0.0044038687
 2.4170001 | 0.0044075558
     2.418 | 0.0044059716
 2.4189999 | 0.0044030133
 2.4200001 | 0.0044017681
     2.421 | 0.0044019762
 2.4219999 | 0.0044025467
 2.4230001 | 0.0044026268
     2.424 | 0.0044022873
     2.425 | 0.0044018333
 2.4260001 | 0.0044015045
     2.427 | 0.0044012913
     2.428 | 0.0044011287
 2.4289999 | 0.0044009574
 2.4300001 | 0.0044007832
     2.431 | 0.0044006198
 2.4319999 | 0.0044004796
 2.4330001 | 0.0044003455
     2.434 | 0.0044002188
 2.4349999 | 0.0044000852
 2.4360001 | 0.0043999492
     2.437 | 0.0043998319
     2.438 | 0.0043997332
 2.4389999 | 0.0043996405
 2.4400001 | 0.0043995194
     2.441 | 0.0043993513
 2.4419999 |  0.004399132
 2.4430001 | 0.0043988661
     2.444 | 0.0043985629
 2.4449999 | 0.0043982547
 2.4460001 | 0.0043979846
     2.447 | 0.0043977839
     2.448 |  0.004397634
 2.4489999 | 0.0043975087
      2.45 | 0.0043973774
     2.451 | 0.0043972381
 2.4519999 |   0.00439707
 2.4530001 | 0.0043968786
     2.454 | 0.0043966826
 2.4549999 |  0.004396501
 2.4560001 | 0.0043963557
     2.457 | 0.0043962346
 2.4579999 | 0.0043961131
 2.4590001 | 0.0043959832
      2.46 | 0.0043958575
     2.461 | 0.0043957541
 2.4619999 | 0.0043956749
 2.4630001 | 0.0043955953
     2.464 | 0.0043954602
 2.4649999 |  0.004395246
 2.4660001 | 0.0043949988
     2.467 | 0.0043947841
 2.4679999 | 0.0043946491
 2.4690001 | 0.0043945513
      2.47 | 0.0043944344
     2.471 | 0.0043942528
 2.4719999 | 0.0043940335
     2.473 | 0.0043938234
     2.474 |   0.00439366
 2.4749999 | 0.0043935343
 2.4760001 |  0.004393422
     2.477 | 0.0043933052
 2.4779999 | 0.0043931981
 2.4790001 | 0.0043931142
      2.48 | 0.0043930677
 2.4809999 | 0.0043930393
 2.4820001 |  0.004393016
     2.483 | 0.0043929736
     2.484 | 0.0043929368
 2.4849999 | 0.0043929135
 2.4860001 | 0.0043929135
     2.487 | 0.0043929229
 2.4879999 | 0.0043929135
 2.4890001 | 0.0043928619
      2.49 | 0.0043927967
 2.4909999 | 0.0043927408
 2.4920001 | 0.0043927217
     2.493 | 0.0043927263
     2.494 | 0.0043927408
 2.4949999 | 0.0043927454
 2.4960001 |  0.004392745
     2.497 | 0.0043927408
 2.4979999 | 0.0043927403
 2.4990001 | 0.0043927408
       2.5 | 0.0043927408
