 pressure | temperature |   density | altitude
9.665e-10 |       900.3 | 2.582e-11 |   1028.6
9.697e-10 |       900.6 |  2.59e-11 |   1028.1
9.953e-10 |       902.7 | 2.653e-11 |   1023.8
1.028e-09 |       903.5 | 2.738e-11 |   1018.3
1.062e-09 |       902.8 | 2.831e-11 |   1012.9
1.097e-09 |       901.0 | 2.931e-11 |   1007.5
1.133e-09 |       898.1 | 3.038e-11 |   1002.1
1.171e-09 |       895.1 | 3.149e-11 |   996.77
 1.21e-09 |       891.4 | 3.268e-11 |    991.4
 1.25e-09 |       888.0 |  3.39e-11 |   986.04
1.292e-09 |       884.4 | 3.518e-11 |   980.69
1.335e-09 |       880.9 | 3.651e-11 |   975.34
 1.38e-09 |       877.5 | 3.788e-11 |   970.01
1.426e-09 |       874.6 | 3.929e-11 |   964.69
1.474e-09 |       871.9 | 4.075e-11 |   959.37
1.524e-09 |       869.9 | 4.223e-11 |   954.07
1.575e-09 |       868.0 | 4.375e-11 |   948.77
1.628e-09 |       866.8 |  4.53e-11 |   943.48
1.683e-09 |       865.7 |  4.69e-11 |    938.2
 1.74e-09 |       865.2 | 4.852e-11 |   932.93
1.799e-09 |       865.0 | 5.017e-11 |   927.67
1.859e-09 |       865.1 | 5.186e-11 |   922.42
1.922e-09 |       865.7 | 5.357e-11 |   917.18
1.986e-09 |       866.4 | 5.533e-11 |   911.95
2.052e-09 |       867.4 | 5.712e-11 |   906.72
2.121e-09 |       868.7 | 5.895e-11 |   901.51
2.191e-09 |       870.2 | 6.081e-11 |    896.3
2.264e-09 |       871.6 | 6.274e-11 |   891.11
2.339e-09 |       873.3 | 6.469e-11 |   885.92
2.416e-09 |       874.9 | 6.671e-11 |   880.74
2.495e-09 |       876.7 | 6.877e-11 |   875.57
2.577e-09 |       878.4 | 7.089e-11 |   870.41
2.661e-09 |       879.9 | 7.308e-11 |   865.26
2.747e-09 |       881.4 | 7.534e-11 |   860.12
2.836e-09 |       882.7 | 7.767e-11 |   854.99
2.927e-09 |       883.8 | 8.009e-11 |   849.87
3.022e-09 |       884.7 |  8.26e-11 |   844.75
3.119e-09 |       885.3 | 8.521e-11 |   839.65
3.219e-09 |       885.5 | 8.792e-11 |   834.55
3.322e-09 |       885.5 | 9.076e-11 |   829.47
3.428e-09 |       885.0 | 9.372e-11 |   824.39
3.537e-09 |       884.3 | 9.681e-11 |   819.32
 3.65e-09 |       883.1 |     1e-10 |   814.26
3.767e-09 |       881.4 | 1.035e-10 |   809.21
3.887e-09 |       879.2 |  1.07e-10 |   804.17
4.011e-09 |       876.7 | 1.108e-10 |   799.14
 4.14e-09 |       873.8 | 1.147e-10 |   794.12
4.273e-09 |       870.1 |  1.19e-10 |    789.1
 4.41e-09 |       866.0 | 1.234e-10 |    784.1
4.553e-09 |       861.4 | 1.281e-10 |    779.1
4.701e-09 |       856.4 |  1.33e-10 |   774.12
4.854e-09 |       851.0 | 1.383e-10 |   769.14
5.013e-09 |       845.2 | 1.438e-10 |   764.17
5.178e-09 |       839.0 | 1.497e-10 |   759.22
 5.35e-09 |       832.5 | 1.559e-10 |   754.27
5.529e-09 |       825.7 | 1.624e-10 |   749.33
5.715e-09 |       818.6 | 1.694e-10 |    744.4
5.908e-09 |       811.2 | 1.767e-10 |   739.48
 6.11e-09 |       803.6 | 1.845e-10 |   734.57
 6.32e-09 |       794.2 | 1.932e-10 |   729.66
 6.54e-09 |       785.0 | 2.023e-10 |   724.77
 6.77e-09 |       775.9 | 2.119e-10 |   719.88
7.011e-09 |       766.9 | 2.221e-10 |   715.01
7.263e-09 |       758.1 | 2.327e-10 |   710.14
7.526e-09 |       749.7 | 2.439e-10 |   705.29
7.802e-09 |       741.7 | 2.557e-10 |   700.44
 8.09e-09 |       734.1 | 2.679e-10 |    695.6
8.392e-09 |       727.1 | 2.807e-10 |   690.77
8.707e-09 |       720.4 |  2.94e-10 |   685.95
9.037e-09 |       714.0 | 3.079e-10 |   681.14
9.381e-09 |       708.5 | 3.223e-10 |   676.34
9.741e-09 |       703.3 | 3.373e-10 |   671.55
1.012e-08 |       698.6 | 3.528e-10 |   666.77
1.051e-08 |       694.3 | 3.689e-10 |   661.99
1.092e-08 |       690.5 | 3.855e-10 |   657.23
1.135e-08 |       687.1 | 4.027e-10 |   652.47
1.179e-08 |       684.2 | 4.204e-10 |   647.73
1.226e-08 |       681.6 | 4.387e-10 |   642.99
1.274e-08 |       679.5 | 4.576e-10 |   638.26
1.324e-08 |       677.7 | 4.771e-10 |   633.54
1.376e-08 |       676.3 | 4.971e-10 |   628.84
1.431e-08 |       675.2 | 5.178e-10 |   624.14
1.487e-08 |       674.4 |  5.39e-10 |   619.45
1.546e-08 |       671.6 | 5.629e-10 |   614.77
1.608e-08 |       669.3 | 5.874e-10 |   610.09
1.671e-08 |       669.6 | 6.107e-10 |   605.43
1.737e-08 |       669.8 | 6.349e-10 |   600.78
1.806e-08 |       670.2 | 6.599e-10 |   596.14
1.877e-08 |       670.5 |  6.86e-10 |    591.5
1.951e-08 |       670.6 | 7.132e-10 |   586.88
2.028e-08 |       670.5 | 7.418e-10 |   582.26
2.108e-08 |       670.1 | 7.717e-10 |   577.65
 2.19e-08 |       669.3 | 8.035e-10 |   573.06
2.276e-08 |       667.9 | 8.371e-10 |   568.47
2.366e-08 |       666.0 |  8.73e-10 |   563.89
2.459e-08 |       663.6 | 9.112e-10 |   559.32
2.556e-08 |       660.3 | 9.524e-10 |   554.76
2.658e-08 |       656.2 | 9.968e-10 |   550.21
2.764e-08 |       651.3 | 1.045e-09 |   545.67
2.875e-08 |       645.0 | 1.099e-09 |   541.14
2.992e-08 |       635.0 | 1.162e-09 |   536.61
3.115e-08 |       625.8 | 1.229e-09 |    532.1
3.245e-08 |       615.5 | 1.303e-09 |   527.59
3.384e-08 |       603.5 | 1.387e-09 |    523.1
3.531e-08 |       590.3 | 1.481e-09 |   518.61
3.688e-08 |       577.3 | 1.583e-09 |   514.14
3.855e-08 |       565.8 |  1.69e-09 |   509.67
4.033e-08 |       555.9 | 1.801e-09 |   505.21
4.223e-08 |       547.3 | 1.916e-09 |   500.76
4.424e-08 |       540.6 | 2.035e-09 |   496.33
4.636e-08 |       536.8 |  2.15e-09 |    491.9
 4.86e-08 |       533.6 | 2.271e-09 |   487.48
5.095e-08 |       534.4 |  2.38e-09 |   483.07
5.341e-08 |       536.4 | 2.488e-09 |   478.66
5.597e-08 |       538.4 | 2.602e-09 |   474.27
5.864e-08 |       539.4 | 2.725e-09 |   469.89
6.144e-08 |       538.6 | 2.862e-09 |   465.52
6.438e-08 |       536.4 | 3.016e-09 |   461.15
6.748e-08 |       533.1 | 3.184e-09 |    456.8
7.075e-08 |       527.7 | 3.377e-09 |   452.45
7.422e-08 |       518.5 | 3.613e-09 |   448.11
7.794e-08 |       504.3 |  3.91e-09 |   443.79
8.202e-08 |       480.0 | 4.333e-09 |   439.47
8.656e-08 |       452.8 | 4.859e-09 |   435.16
9.165e-08 |       427.7 | 5.458e-09 |   430.86
9.732e-08 |       410.2 | 6.057e-09 |   426.57
1.036e-07 |       398.0 | 6.659e-09 |   422.29
1.104e-07 |       389.0 | 7.279e-09 |   418.02
1.178e-07 |       382.4 | 7.922e-09 |   413.76
1.259e-07 |       378.8 | 8.562e-09 |   409.51
1.345e-07 |       376.2 | 9.234e-09 |   405.27
1.439e-07 |       371.9 | 1.001e-08 |   401.04
1.541e-07 |       361.9 | 1.105e-08 |   396.81
1.655e-07 |       344.2 | 1.252e-08 |    392.6
1.784e-07 |       324.0 | 1.439e-08 |   388.39
1.934e-07 |       302.9 | 1.675e-08 |    384.2
2.107e-07 |       289.3 | 1.916e-08 |   380.01
2.304e-07 |       276.5 |   2.2e-08 |   375.84
2.529e-07 |       268.1 | 2.499e-08 |   371.67
2.784e-07 |       258.2 | 2.867e-08 |   367.51
3.084e-07 |       241.1 | 3.412e-08 |   363.36
3.437e-07 |       230.5 | 3.992e-08 |   359.22
3.834e-07 |       230.6 | 4.468e-08 |   355.09
4.312e-07 |       208.6 | 5.574e-08 |   350.97
4.879e-07 |       204.5 | 6.453e-08 |   346.86
5.537e-07 |       200.2 | 7.498e-08 |   342.76
6.296e-07 |       197.5 | 8.662e-08 |   338.67
7.179e-07 |       193.1 | 1.013e-07 |   334.59
  8.2e-07 |       192.4 | 1.164e-07 |   330.52
9.355e-07 |       195.3 | 1.311e-07 |   326.45
1.066e-06 |       196.5 | 1.487e-07 |    322.4
1.215e-06 |       194.3 | 1.717e-07 |   318.35
1.383e-06 |       200.1 | 1.901e-07 |   314.32
1.569e-06 |       204.3 | 2.115e-07 |   310.29
1.775e-06 |       207.2 | 2.363e-07 |   306.28
2.011e-06 |       197.1 | 2.816e-07 |   302.27
2.317e-06 |       169.4 | 3.781e-07 |   298.27
2.685e-06 |       171.9 | 4.319e-07 |   294.29
 3.13e-06 |       160.1 | 5.409e-07 |   290.31
3.684e-06 |       152.7 | 6.679e-07 |   286.34
4.343e-06 |       154.2 | 7.803e-07 |   282.38
5.122e-06 |       153.4 | 9.251e-07 |   278.43
 6.01e-06 |       160.3 |  1.04e-06 |    274.5
7.022e-06 |       160.8 | 1.211e-06 |   270.57
8.247e-06 |       152.5 | 1.501e-06 |   266.65
9.739e-06 |       149.7 | 1.805e-06 |   262.74
 1.15e-05 |       151.7 | 2.103e-06 |   258.84
1.353e-05 |       155.0 | 2.424e-06 |   254.95
1.583e-05 |       160.8 | 2.733e-06 |   251.07
1.846e-05 |       161.0 | 3.184e-06 |    247.2
2.158e-05 |       156.8 | 3.821e-06 |   243.34
2.528e-05 |       155.6 |  4.51e-06 |   239.49
2.958e-05 |       156.8 | 5.239e-06 |   235.65
3.465e-05 |       155.2 |   6.2e-06 |   231.82
 4.05e-05 |       158.6 | 7.092e-06 |    228.0
4.716e-05 |       160.7 | 8.153e-06 |   224.19
5.504e-05 |       156.6 | 9.766e-06 |    220.4
6.413e-05 |       160.1 | 1.113e-05 |   216.61
7.472e-05 |       157.9 | 1.315e-05 |   212.84
8.698e-05 |       159.5 | 1.515e-05 |   209.08
0.0001012 |       158.6 | 1.772e-05 |   205.33
0.0001178 |       157.5 | 2.078e-05 |    201.6
 0.000137 |       158.7 | 2.398e-05 |   197.88
0.0001593 |       158.5 | 2.791e-05 |   194.17
0.0001846 |       161.5 | 3.175e-05 |   190.48
0.0002142 |       157.5 | 3.778e-05 |    186.8
0.0002484 |       159.0 | 4.342e-05 |   183.15
0.0002881 |       157.4 | 5.087e-05 |   179.51
 0.000334 |       158.6 | 5.852e-05 |   175.88
0.0003858 |       162.3 | 6.606e-05 |   172.28
0.0004442 |       165.1 | 7.473e-05 |    168.7
 0.000509 |       169.7 | 8.335e-05 |   165.15
0.0005823 |       168.3 | 9.615e-05 |   161.62
0.0006656 |       168.8 | 0.0001096 |   158.11
0.0007599 |       168.7 | 0.0001252 |   154.63
0.0008667 |       168.0 | 0.0001433 |   151.19
0.0009888 |       165.4 | 0.0001661 |   147.78
 0.001128 |       164.6 | 0.0001904 |   144.41
 0.001285 |       162.8 | 0.0002194 |   141.08
 0.001467 |       157.5 | 0.0002588 |   137.79
 0.001675 |       157.3 | 0.0002959 |   134.56
 0.001909 |       156.2 | 0.0003395 |   131.38
 0.002171 |       155.6 | 0.0003876 |   128.26
 0.002466 |       153.3 |  0.000447 |   125.21
 0.002799 |       150.3 | 0.0005173 |   122.23
  0.00317 |       149.8 |  0.000588 |   119.33
 0.003578 |       150.1 | 0.0006623 |   116.51
 0.004023 |       150.2 | 0.0007442 |   113.78
   0.0045 |       152.2 | 0.0008215 |   111.15
 0.005007 |       153.2 |  0.000908 |   108.62
 0.005547 |       152.5 |  0.001011 |   106.19
  0.00612 |       153.7 |  0.001107 |   103.86
 0.006711 |       156.2 |  0.001194 |   101.64
 0.007319 |       158.5 |  0.001283 |   99.519
 0.007943 |       159.6 |  0.001383 |   97.501
  0.00858 |       160.6 |  0.001484 |   95.583
 0.009232 |       160.1 |  0.001602 |   93.762
 0.009898 |       159.7 |  0.001722 |   92.035
  0.01058 |       158.4 |  0.001855 |   90.399
  0.01127 |       157.8 |  0.001984 |   88.849
  0.01197 |       156.5 |  0.002125 |   87.383
  0.01267 |       154.6 |  0.002277 |   85.996
  0.01339 |       153.4 |  0.002425 |   84.685
  0.01411 |       151.5 |  0.002588 |   83.444
  0.01484 |       148.4 |  0.002779 |   82.271
  0.01558 |       147.3 |  0.002937 |   81.162
  0.01632 |       144.0 |  0.003148 |   80.112
  0.01707 |       142.1 |  0.003337 |   79.118
  0.01782 |       140.0 |  0.003537 |   78.177
  0.01857 |       139.3 |  0.003703 |   77.285
  0.01932 |       136.2 |  0.003942 |   76.439
  0.02008 |       133.3 |  0.004185 |   75.635
  0.02084 |       132.2 |   0.00438 |   74.871
  0.02158 |       133.3 |  0.004498 |   74.145
  0.02232 |       132.5 |  0.004681 |   73.452
  0.02305 |       132.9 |   0.00482 |   72.791
  0.02377 |       132.2 |  0.004996 |   72.158
  0.02449 |       133.1 |   0.00511 |   71.551
  0.02518 |       134.5 |  0.005203 |   70.968
  0.02587 |       133.8 |  0.005374 |   70.407
  0.02655 |       134.8 |  0.005475 |   69.866
  0.02723 |       134.0 |  0.005644 |   69.344
  0.02791 |       131.7 |  0.005889 |   68.838
  0.02858 |       131.5 |  0.006041 |   68.349
  0.02926 |       130.1 |  0.006251 |   67.874
  0.02994 |       128.8 |  0.006457 |   67.413
  0.03062 |       128.6 |  0.006616 |   66.965
   0.0313 |       126.4 |  0.006879 |    66.53
  0.03199 |       125.7 |  0.007069 |   66.105
  0.03268 |       125.9 |  0.007215 |   65.691
  0.03336 |       126.6 |   0.00732 |   65.286
  0.03404 |       126.0 |  0.007509 |   64.891
  0.03472 |       126.4 |  0.007634 |   64.504
   0.0354 |       126.6 |  0.007772 |   64.124
  0.03608 |       127.5 |   0.00786 |   63.751
  0.03675 |       129.0 |  0.007914 |   63.385
  0.03742 |       127.9 |  0.008131 |   63.025
   0.0381 |       127.8 |  0.008286 |   62.671
  0.03878 |       126.2 |  0.008538 |   62.321
  0.03947 |       126.3 |  0.008686 |   61.977
  0.04016 |       125.1 |  0.008923 |   61.637
  0.04087 |       124.9 |  0.009089 |   61.302
  0.04157 |       124.3 |  0.009295 |   60.971
  0.04229 |       123.8 |   0.00949 |   60.644
  0.04301 |       122.6 |  0.009744 |   60.321
  0.04374 |       122.6 |  0.009915 |   60.001
  0.04447 |       121.8 |   0.01015 |   59.685
  0.04522 |       120.2 |   0.01046 |   59.372
  0.04599 |       119.3 |   0.01071 |   59.062
  0.04676 |       118.5 |   0.01097 |   58.755
  0.04754 |       118.5 |   0.01115 |    58.45
  0.04833 |       117.6 |   0.01142 |   58.149
  0.04914 |       115.7 |    0.0118 |   57.849
  0.04996 |       115.1 |   0.01206 |   57.552
   0.0508 |       114.7 |    0.0123 |   57.258
  0.05164 |       114.6 |   0.01252 |   56.965
   0.0525 |       113.4 |   0.01287 |   56.674
  0.05338 |       110.8 |   0.01339 |   56.385
  0.05428 |       111.1 |   0.01358 |   56.098
  0.05519 |       110.3 |   0.01391 |   55.812
  0.05612 |       111.4 |     0.014 |   55.528
  0.05705 |       111.4 |   0.01423 |   55.245
  0.05798 |       113.5 |   0.01419 |   54.962
  0.05892 |       112.5 |   0.01456 |   54.681
  0.05988 |       110.4 |   0.01507 |     54.4
  0.06088 |       108.8 |   0.01555 |    54.12
  0.06187 |       113.9 |    0.0151 |    53.84
  0.06286 |       114.1 |   0.01531 |    53.56
  0.06386 |       113.7 |   0.01561 |    53.28
  0.06488 |       115.2 |   0.01565 |   53.001
  0.06591 |       113.9 |   0.01608 |    52.72
  0.06697 |       113.8 |   0.01635 |    52.44
  0.06804 |       114.1 |   0.01656 |   52.159
  0.06914 |       111.9 |   0.01717 |   51.878
  0.07027 |       113.8 |   0.01715 |   51.596
  0.07142 |       111.2 |   0.01785 |   51.313
  0.07259 |       113.3 |    0.0178 |    51.03
  0.07377 |       114.0 |   0.01798 |   50.745
  0.07497 |       114.5 |    0.0182 |    50.46
   0.0762 |       113.0 |   0.01874 |   50.174
  0.07745 |       114.4 |   0.01881 |   49.887
  0.07872 |       113.8 |   0.01922 |   49.599
  0.08002 |       114.3 |   0.01945 |    49.31
  0.08134 |       114.6 |   0.01972 |    49.02
   0.0827 |       112.6 |   0.02042 |   48.729
   0.0841 |       112.8 |   0.02072 |   48.437
  0.08551 |       115.4 |   0.02058 |   48.143
   0.0869 |       119.1 |   0.02027 |   47.848
  0.08836 |       112.9 |   0.02175 |   47.551
  0.08989 |       113.3 |   0.02204 |   47.251
  0.09142 |       117.0 |   0.02171 |   46.949
  0.09301 |       111.3 |   0.02322 |   46.645
  0.09465 |       115.3 |   0.02281 |   46.338
  0.09631 |       115.0 |   0.02328 |   46.029
  0.09804 |       111.0 |   0.02454 |   45.718
  0.09983 |       112.6 |   0.02464 |   45.404
   0.1016 |       113.6 |   0.02486 |   45.088
   0.1035 |       119.0 |   0.02416 |   44.771
   0.1053 |       113.9 |   0.02569 |   44.451
   0.1073 |       111.9 |   0.02663 |    44.13
   0.1093 |       112.6 |   0.02697 |   43.806
   0.1113 |       111.8 |   0.02767 |   43.482
   0.1135 |       110.5 |   0.02853 |   43.156
   0.1156 |       113.4 |   0.02832 |   42.829
   0.1178 |       114.5 |   0.02859 |     42.5
     0.12 |       114.8 |   0.02904 |   42.171
   0.1223 |       114.6 |   0.02964 |    41.84
   0.1246 |       114.7 |   0.03019 |   41.509
    0.127 |       111.6 |    0.0316 |   41.176
   0.1294 |       112.2 |   0.03206 |   40.843
   0.1319 |       112.0 |   0.03272 |   40.509
   0.1345 |       113.0 |   0.03308 |   40.175
   0.1371 |       113.4 |   0.03359 |   39.841
   0.1397 |       114.1 |   0.03401 |   39.506
   0.1424 |       114.6 |   0.03452 |   39.172
   0.1452 |       108.7 |   0.03712 |   38.836
    0.148 |       116.1 |    0.0354 |   38.502
   0.1508 |       110.7 |   0.03787 |   38.167
   0.1537 |       117.0 |   0.03653 |   37.832
   0.1567 |       111.3 |   0.03912 |   37.498
   0.1598 |       108.1 |   0.04108 |   37.164
    0.163 |       111.5 |   0.04062 |    36.83
   0.1662 |       109.5 |   0.04215 |   36.498
   0.1694 |       109.7 |   0.04292 |   36.166
   0.1728 |       109.6 |    0.0438 |   35.835
   0.1762 |       108.7 |   0.04506 |   35.505
   0.1797 |       107.1 |   0.04663 |   35.176
   0.1832 |       110.6 |   0.04602 |   34.849
   0.1868 |       107.9 |    0.0481 |   34.522
   0.1904 |       112.7 |   0.04694 |   34.197
    0.194 |       111.9 |   0.04816 |   33.873
   0.1977 |       109.0 |   0.05038 |    33.55
   0.2014 |       111.7 |   0.05012 |   33.228
   0.2052 |       110.3 |    0.0517 |   32.907
    0.209 |       113.5 |   0.05118 |   32.588
   0.2129 |       109.2 |   0.05418 |    32.27
   0.2169 |       113.7 |     0.053 |   31.954
   0.2208 |       115.8 |   0.05298 |   31.639
   0.2248 |       109.3 |   0.05713 |   31.325
   0.2289 |       114.3 |   0.05565 |   31.012
    0.233 |       112.5 |   0.05753 |   30.701
   0.2372 |       109.9 |   0.05999 |   30.391
   0.2415 |       110.4 |   0.06079 |   30.084
   0.2459 |       110.3 |   0.06192 |   29.777
   0.2503 |       109.5 |    0.0635 |   29.473
   0.2547 |       114.1 |   0.06206 |   29.171
   0.2592 |       111.8 |   0.06444 |    28.87
   0.2638 |       109.0 |   0.06725 |    28.57
   0.2684 |       112.5 |    0.0663 |   28.273
   0.2729 |       113.8 |   0.06666 |   27.977
   0.2776 |       112.7 |   0.06841 |   27.683
   0.2822 |       113.2 |   0.06928 |   27.391
   0.2869 |       116.7 |   0.06829 |     27.1
   0.2915 |       117.2 |   0.06912 |   26.811
   0.2962 |       116.3 |   0.07078 |   26.523
   0.3009 |       117.8 |   0.07095 |   26.236
   0.3056 |       120.4 |   0.07055 |   25.951
   0.3103 |       120.2 |   0.07175 |   25.667
   0.3151 |       119.7 |   0.07312 |   25.385
   0.3199 |       119.9 |   0.07411 |   25.104
   0.3247 |       120.2 |   0.07506 |   24.824
   0.3296 |       120.3 |   0.07612 |   24.545
   0.3346 |       120.6 |    0.0771 |   24.268
   0.3396 |       121.3 |   0.07781 |   23.992
   0.3445 |       121.9 |   0.07851 |   23.718
   0.3495 |       122.7 |   0.07919 |   23.445
   0.4354 |      129.66 |   0.09487 |   18.508
  0.43772 |      129.74 |   0.09532 |   18.403
  0.44003 |      129.85 |   0.09574 |   18.299
  0.44234 |      129.97 |   0.09615 |   18.196
   0.4447 |      130.11 |   0.09656 |   18.091
    0.454 |      130.78 |   0.09808 |    17.68
   0.4638 |      131.56 |    0.0996 |   17.253
  0.47365 |      132.46 |   0.10102 |   16.831
   0.4849 |      133.13 |    0.1029 |   16.357
   0.4968 |      133.81 |   0.10489 |   15.864
   0.5048 |       134.7 |   0.10588 |   15.538
   0.5127 |      135.49 |   0.10691 |   15.219
   0.5246 |       136.3 |   0.10874 |   14.744
   0.5365 |      137.17 |    0.1105 |   14.277
   0.5445 |      137.96 |   0.11151 |   13.968
   0.5684 |      139.42 |   0.11518 |   13.061
   0.5803 |      140.21 |   0.11693 |    12.62
   0.5922 |       141.0 |   0.11866 |   12.186
   0.6041 |       141.9 |   0.12028 |   11.757
     0.62 |      142.58 |   0.12285 |   11.195
   0.6319 |      143.48 |   0.12443 |   10.781
   0.6438 |      144.16 |   0.12617 |   10.373
   0.6557 |      144.95 |    0.1278 |     9.97
  0.67066 |       146.0 |   0.12978 |    9.471
  0.68496 |       147.0 |   0.13164 |    9.001
  0.69947 |       148.0 |   0.13352 |     8.53
  0.71419 |       149.0 |   0.13542 |     8.06
  0.72911 |       150.0 |   0.13733 |     7.59
  0.74425 |       151.0 |   0.13925 |    7.119
   0.7596 |       152.0 |   0.14119 |    6.648
  0.77517 |       153.0 |   0.14314 |    6.178
  0.79096 |       154.0 |   0.14511 |    5.707
  0.80696 |       155.0 |   0.14709 |    5.236
  0.82319 |       156.0 |   0.14908 |    4.765
  0.83964 |       157.0 |   0.15109 |    4.294
  0.85632 |       158.0 |   0.15312 |    3.823
  0.87323 |       159.0 |   0.15516 |    3.351
  0.89037 |       160.0 |   0.15722 |     2.88
  0.90773 |       161.0 |   0.15929 |    2.408
  0.92534 |       162.0 |   0.16138 |    1.936
  0.94318 |       163.0 |   0.16348 |    1.464
  0.96126 |       164.0 |    0.1656 |    0.992
  0.97958 |       165.0 |   0.16773 |     0.52
  0.99814 |       166.0 |   0.16988 |    0.047
      1.0 |       166.1 |   0.17399 |      0.0
    1.017 |       167.0 |   0.17205 |   -0.427
    1.036 |       168.0 |   0.17422 |   -0.899
   1.0553 |       169.0 |   0.17642 |   -1.372
   1.0749 |       170.0 |   0.17864 |   -1.846
   1.0947 |       171.0 |   0.18086 |   -2.319
   1.1148 |       172.0 |   0.18311 |   -2.794
   1.1351 |       173.0 |   0.18537 |   -3.267
   1.1557 |       174.0 |   0.18765 |   -3.742
   1.1766 |       175.0 |   0.18995 |   -4.218
   1.1977 |       176.0 |   0.19226 |   -4.692
   1.2191 |       177.0 |   0.19459 |   -5.167
   1.2408 |       178.0 |   0.19694 |   -5.644
   1.2627 |       179.0 |    0.1993 |   -6.119
    1.285 |       180.0 |   0.20169 |   -6.596
   1.3075 |       181.0 |   0.20409 |   -7.073
   1.3302 |       182.0 |   0.20649 |   -7.548
   1.3533 |       183.0 |   0.20893 |   -8.026
   1.3767 |       184.0 |   0.21139 |   -8.504
   1.4003 |       185.0 |   0.21385 |   -8.981
   1.4242 |       186.0 |   0.21633 |   -9.458
   1.4485 |       187.0 |   0.21884 |   -9.938
    1.473 |       188.0 |   0.22136 |  -10.416
   1.4978 |       189.0 |    0.2239 |  -10.895
   1.5229 |       190.0 |   0.22645 |  -11.374
   1.5483 |       191.0 |   0.22902 |  -11.853
   1.5741 |       192.0 |   0.23163 |  -12.334
   1.6001 |       193.0 |   0.23423 |  -12.813
   1.6265 |       194.0 |   0.23687 |  -13.295
   1.6531 |       195.0 |   0.23951 |  -13.774
   1.6801 |       196.0 |   0.24218 |  -14.256
   1.7074 |       197.0 |   0.24486 |  -14.737
    1.735 |       198.0 |   0.24757 |  -15.219
   1.7629 |       199.0 |   0.25028 |    -15.7
   1.7912 |       200.0 |   0.25303 |  -16.183
   1.8198 |       201.0 |   0.25579 |  -16.666
   1.8487 |       202.0 |   0.25857 |  -17.149
    1.878 |       203.0 |   0.26137 |  -17.633
   1.9075 |       204.0 |   0.26417 |  -18.115
   1.9375 |       205.0 |   0.26702 |    -18.6
   1.9677 |       206.0 |   0.26987 |  -19.083
   1.9983 |       207.0 |   0.27274 |  -19.568
   2.0293 |       208.0 |   0.27564 |  -20.053
   2.0606 |       209.0 |   0.27855 |  -20.538
   2.0923 |       210.0 |   0.28149 |  -21.024
   2.1243 |       211.0 |   0.28444 |   -21.51
   2.1567 |       212.0 |   0.28741 |  -21.997
   2.1894 |       213.0 |    0.2904 |  -22.483
   2.2225 |       214.0 |   0.29342 |   -22.97
   2.2559 |       215.0 |   0.29644 |  -23.456
   2.2897 |       216.0 |   0.29949 |  -23.943
   2.3239 |       217.0 |   0.30256 |  -24.431
   2.3585 |       218.0 |   0.30566 |  -24.919
   2.3934 |       219.0 |   0.30876 |  -25.407
   2.4287 |       220.0 |   0.31189 |  -25.896
   2.4644 |       221.0 |   0.31505 |  -26.385
   2.5005 |       222.0 |   0.31822 |  -26.874
   2.5369 |       223.0 |   0.32141 |  -27.363
   2.5737 |       224.0 |   0.32461 |  -27.852
    2.611 |       225.0 |   0.32785 |  -28.343
   2.6486 |       226.0 |    0.3311 |  -28.833
   2.6866 |       227.0 |   0.33437 |  -29.323
    2.725 |       228.0 |   0.33767 |  -29.814
   2.7639 |       229.0 |   0.34099 |  -30.306
   2.8031 |       230.0 |   0.34432 |  -30.797
   2.8427 |       231.0 |   0.34768 |  -31.288
   2.8828 |       232.0 |   0.35106 |  -31.781
   2.9232 |       233.0 |   0.35445 |  -32.273
   2.9641 |       234.0 |   0.35788 |  -32.766
   3.0053 |       235.0 |   0.36131 |  -33.257
    3.047 |       236.0 |   0.36477 |   -33.75
   3.0891 |       237.0 |   0.36825 |  -34.243
   3.1317 |       238.0 |   0.37176 |  -34.738
   3.1746 |       239.0 |   0.37527 |  -35.231
    3.218 |       240.0 |   0.37882 |  -35.725
   3.2619 |       241.0 |   0.38239 |   -36.22
   3.3061 |       242.0 |   0.38597 |  -36.714
   3.3508 |       243.0 |   0.38958 |  -37.208
   3.3959 |       244.0 |   0.39321 |  -37.703
   3.4415 |       245.0 |   0.39686 |  -38.198
   3.4875 |       246.0 |   0.40053 |  -38.694
    3.534 |       247.0 |   0.40423 |   -39.19
   3.5809 |       248.0 |   0.40794 |  -39.685
   3.6283 |       249.0 |   0.41168 |  -40.182
   3.6761 |       250.0 |   0.41543 |  -40.678
   3.7244 |       251.0 |   0.41922 |  -41.174
   3.7731 |       252.0 |   0.42301 |  -41.671
   3.8224 |       253.0 |   0.42685 |  -42.169
    3.872 |       254.0 |   0.43068 |  -42.665
   3.9222 |       255.0 |   0.43456 |  -43.163
   3.9728 |       256.0 |   0.43844 |   -43.66
   4.0239 |       257.0 |   0.44235 |  -44.158
   4.0754 |       258.0 |   0.44628 |  -44.656
   4.1275 |       259.0 |   0.45024 |  -45.154
     4.18 |       260.0 |   0.45421 |  -45.653
    4.233 |       261.0 |   0.45821 |  -46.151
   4.2865 |       262.0 |   0.46223 |   -46.65
   4.3405 |       263.0 |   0.46627 |  -47.149
    4.395 |       264.0 |   0.47034 |  -47.648
   4.4499 |       265.0 |   0.47442 |  -48.147
   4.5054 |       266.0 |   0.47853 |  -48.647
   4.5614 |       267.0 |   0.48266 |  -49.147
   4.6179 |       268.0 |   0.48682 |  -49.647
   4.6749 |       269.0 |   0.49099 |  -50.147
   4.7324 |       270.0 |   0.49519 |  -50.647
   4.7904 |       271.0 |   0.49941 |  -51.148
   4.8489 |       272.0 |   0.50365 |  -51.648
    4.908 |       273.0 |   0.50792 |  -52.149
   4.9675 |       274.0 |    0.5122 |   -52.65
   5.0276 |       275.0 |   0.51652 |  -53.151
   5.0882 |       276.0 |   0.52085 |  -53.652
   5.1494 |       277.0 |   0.52521 |  -54.154
    5.211 |       278.0 |   0.52958 |  -54.655
   5.2732 |       279.0 |   0.53398 |  -55.157
    5.336 |       280.0 |   0.53841 |  -55.659
   5.3993 |       281.0 |   0.54286 |  -56.161
   5.4631 |       282.0 |   0.54733 |  -56.663
   5.5275 |       283.0 |   0.55182 |  -57.166
   5.5924 |       284.0 |   0.55633 |  -57.669
   5.6578 |       285.0 |   0.56086 |  -58.171
   5.7238 |       286.0 |   0.56542 |  -58.673
   5.7904 |       287.0 |   0.57001 |  -59.177
   5.8575 |       288.0 |   0.57461 |  -59.679
   5.9252 |       289.0 |   0.57924 |  -60.183
   5.9934 |       290.0 |   0.58389 |  -60.686
   6.0622 |       291.0 |   0.58856 |  -61.189
   6.1316 |       292.0 |   0.59326 |  -61.693
   6.2016 |       293.0 |   0.59799 |  -62.197
   6.2721 |       294.0 |   0.60273 |    -62.7
   6.3432 |       295.0 |   0.60749 |  -63.204
   6.4149 |       296.0 |   0.61228 |  -63.708
   6.4871 |       297.0 |   0.61709 |  -64.212
     6.56 |       298.0 |   0.62193 |  -64.717
   6.6334 |       299.0 |   0.62679 |  -65.221
   6.7074 |       300.0 |   0.63167 |  -65.725
    6.782 |       301.0 |   0.63657 |   -66.23
   6.8573 |       302.0 |   0.64151 |  -66.735
   6.9331 |       303.0 |   0.64646 |   -67.24
   7.0095 |       304.0 |   0.65143 |  -67.744
   7.0865 |       305.0 |   0.65643 |  -68.249
   7.1641 |       306.0 |   0.66145 |  -68.754
   7.2423 |       307.0 |   0.66649 |  -69.259
   7.3212 |       308.0 |   0.67156 |  -69.765
   7.4006 |       309.0 |   0.67665 |   -70.27
   7.4807 |       310.0 |   0.68177 |  -70.775
   7.5614 |       311.0 |   0.68691 |  -71.281
   7.6427 |       312.0 |   0.69207 |  -71.787
   7.7246 |       313.0 |   0.69725 |  -72.292
   7.8072 |       314.0 |   0.70246 |  -72.798
   7.8904 |       315.0 |   0.70769 |  -73.304
   7.9742 |       316.0 |   0.71294 |   -73.81
   8.0587 |       317.0 |   0.71823 |  -74.316
   8.1438 |       318.0 |   0.72353 |  -74.822
   8.2296 |       319.0 |   0.72886 |  -75.328
    8.316 |       320.0 |   0.73421 |  -75.835
    8.403 |       321.0 |   0.73958 |  -76.341
   8.4907 |       322.0 |   0.74498 |  -76.847
    8.579 |       323.0 |   0.75039 |  -77.354
    8.668 |       324.0 |   0.75584 |   -77.86
   8.7577 |       325.0 |   0.76131 |  -78.367
    8.848 |       326.0 |    0.7668 |  -78.874
    8.939 |       327.0 |   0.77232 |   -79.38
   9.0306 |       328.0 |   0.77785 |  -79.887
    9.123 |       329.0 |   0.78342 |  -80.394
    9.216 |       330.0 |   0.78901 |  -80.901
   9.3097 |       331.0 |   0.79463 |  -81.409
    9.404 |       332.0 |   0.80026 |  -81.915
    9.499 |       333.0 |   0.80591 |  -82.422
   9.5947 |       334.0 |    0.8116 |  -82.929
   9.6911 |       335.0 |    0.8173 |  -83.437
   9.7882 |       336.0 |   0.82304 |  -83.944
    9.886 |       337.0 |   0.82879 |  -84.452
   9.9845 |       338.0 |   0.83457 |  -84.959
   10.084 |       339.0 |    0.8404 |  -85.468
   10.184 |       340.0 |   0.84624 |  -85.976
   10.284 |       341.0 |   0.85205 |  -86.481
   10.385 |       342.0 |    0.8579 |  -86.987
   10.487 |       343.0 |    0.8638 |  -87.495
    10.59 |       344.0 |   0.86975 |  -88.004
   10.694 |       345.0 |   0.87574 |  -88.515
   10.798 |       346.0 |    0.8817 |  -89.022
   10.903 |       347.0 |   0.88771 |  -89.531
   11.008 |       348.0 |   0.89368 |  -90.036
   11.114 |       349.0 |   0.89971 |  -90.542
   11.221 |       350.0 |   0.90577 |   -91.05
   11.329 |       351.0 |   0.91188 |  -91.559
   11.438 |       352.0 |   0.91804 |   -92.07
   11.547 |       353.0 |   0.92417 |  -92.577
   11.657 |       354.0 |   0.93033 |  -93.085
   11.768 |       355.0 |   0.93655 |  -93.594
   11.879 |       356.0 |   0.94273 |    -94.1
   11.991 |       357.0 |   0.94895 |  -94.608
   12.104 |       358.0 |   0.95521 |  -95.116
   12.218 |       359.0 |   0.96153 |  -95.626
   12.332 |       360.0 |    0.9678 |  -96.132
   12.448 |       361.0 |    0.9742 |  -96.644
   12.564 |       362.0 |   0.98056 |  -97.152
    12.68 |       363.0 |   0.98689 |  -97.657
   12.798 |       364.0 |   0.99334 |  -98.168
   12.916 |       365.0 |   0.99975 |  -98.675
   13.035 |       366.0 |    1.0062 |  -99.183
   13.155 |       367.0 |    1.0127 |  -99.693
   13.276 |       368.0 |    1.0192 |   -100.2
   13.397 |       369.0 |    1.0257 |  -100.71
   13.519 |       370.0 |    1.0323 |  -101.22
   13.642 |       371.0 |    1.0389 |  -101.73
   13.766 |       372.0 |    1.0455 |  -102.24
   13.891 |       373.0 |    1.0522 |  -102.75
   14.016 |       374.0 |    1.0588 |  -103.25
   14.142 |       375.0 |    1.0655 |  -103.76
   14.269 |       376.0 |    1.0722 |  -104.27
   14.397 |       377.0 |    1.0789 |  -104.78
   14.526 |       378.0 |    1.0857 |  -105.29
   14.655 |       379.0 |    1.0925 |   -105.8
   14.785 |       380.0 |    1.0992 |  -106.31
   14.916 |       381.0 |    1.1061 |  -106.82
   15.048 |       382.0 |    1.1129 |  -107.32
   15.181 |       383.0 |    1.1198 |  -107.83
   15.314 |       384.0 |    1.1267 |  -108.34
   15.448 |       385.0 |    1.1336 |  -108.85
   15.583 |       386.0 |    1.1406 |  -109.36
    15.72 |       387.0 |    1.1476 |  -109.87
   15.856 |       388.0 |    1.1546 |  -110.38
   15.994 |       389.0 |    1.1616 |  -110.89
   16.133 |       390.0 |    1.1687 |   -111.4
   16.272 |       391.0 |    1.1758 |   -111.9
   16.412 |       392.0 |    1.1829 |  -112.41
   16.553 |       393.0 |      1.19 |  -112.92
   16.695 |       394.0 |    1.1971 |  -113.43
   16.838 |       395.0 |    1.2043 |  -113.94
   16.982 |       396.0 |    1.2116 |  -114.45
   17.126 |       397.0 |    1.2188 |  -114.96
   17.271 |       398.0 |     1.226 |  -115.47
   17.418 |       399.0 |    1.2333 |  -115.98
   17.565 |       400.0 |    1.2406 |  -116.49
   17.713 |       401.0 |     1.248 |   -117.0
   17.862 |       402.0 |    1.2553 |  -117.51
   18.011 |       403.0 |    1.2627 |  -118.01
   18.162 |       404.0 |    1.2701 |  -118.52
   18.313 |       405.0 |    1.2775 |  -119.03
   18.466 |       406.0 |     1.285 |  -119.54
   18.619 |       407.0 |    1.2925 |  -120.05
   18.773 |       408.0 |       1.3 |  -120.56
   18.928 |       409.0 |    1.3075 |   -121.0
   19.084 |       410.0 |     1.315 |  -121.58
   19.241 |       411.0 |    1.3226 |  -122.09
   19.399 |       412.0 |    1.3303 |   -122.6
   19.558 |       413.0 |    1.3379 |  -123.11
   19.717 |       414.0 |    1.3455 |  -123.61
   19.878 |       415.0 |    1.3533 |  -124.12
    20.04 |       416.0 |     1.361 |  -124.64
   20.202 |       417.0 |    1.3687 |  -125.14
   20.365 |       418.0 |    1.3765 |  -125.65
    20.53 |       419.0 |    1.3843 |  -126.16
   20.695 |       420.0 |    1.3921 |  -126.67
   20.861 |       421.0 |    1.3999 |  -127.18
   21.028 |       422.0 |    1.4078 |  -127.69
   21.196 |       423.0 |    1.4157 |   -128.2
   21.365 |       424.0 |    1.4236 |  -128.71
   21.535 |       425.0 |    1.4316 |  -129.22
   21.706 |       426.0 |    1.4395 |  -129.73
   21.877 |       427.0 |    1.4475 |  -130.24
    22.05 |       428.0 |    1.4555 |  -130.74
