  pressure | temperature |    density | altitude
5.0853e-11 |     142.449 |  1.672e-10 |  140.855
 5.351e-11 |     142.863 | 1.7596e-10 |  140.403
5.6302e-11 |      143.35 | 1.8507e-10 |  139.952
5.9236e-11 |     143.772 | 1.9476e-10 |  139.502
6.2318e-11 |     144.384 |  2.047e-10 |  139.052
6.5561e-11 |     144.263 | 2.1623e-10 |  138.603
6.8982e-11 |     144.271 | 2.2822e-10 |  138.155
7.2574e-11 |     145.288 | 2.3915e-10 |  137.707
7.6339e-11 |     145.948 | 2.5115e-10 |   137.26
8.0284e-11 |     146.773 |  2.634e-10 |  136.814
8.4415e-11 |     147.665 | 2.7604e-10 |  136.368
8.8779e-11 |     145.943 | 2.9452e-10 |  135.923
9.3372e-11 |     147.815 |  3.066e-10 |  135.479
9.8114e-11 |     151.569 | 3.1493e-10 |  135.035
1.0302e-10 |     152.623 | 3.2915e-10 |  134.592
1.0816e-10 |     152.811 |  3.459e-10 |   134.15
1.1358e-10 |     151.792 | 3.6646e-10 |  133.708
 1.193e-10 |     151.176 | 3.8732e-10 |  133.267
1.2536e-10 |     149.633 | 4.1207e-10 |  132.826
1.3181e-10 |     147.822 |  4.395e-10 |  132.387
1.3874e-10 |     143.601 | 4.7722e-10 |  131.948
1.4632e-10 |     137.545 | 5.2655e-10 |  131.509
1.5468e-10 |     132.042 | 5.8094e-10 |  131.072
1.6391e-10 |      126.47 | 6.4403e-10 |  130.634
1.7392e-10 |     126.192 |  6.863e-10 |  130.198
 1.845e-10 |     127.618 |  7.214e-10 |  129.762
1.9576e-10 |     125.636 | 7.7913e-10 |  129.327
2.0794e-10 |     123.317 | 8.4492e-10 |  128.893
2.2102e-10 |     122.878 | 9.0324e-10 |  128.459
2.3502e-10 |     122.096 | 9.6866e-10 |  128.026
2.5004e-10 |     120.965 | 1.0428e-09 |  127.594
2.6618e-10 |     120.027 | 1.1217e-09 |  127.162
 2.836e-10 |     118.106 | 1.2176e-09 |  126.731
3.0251e-10 |      116.09 | 1.3245e-09 |  126.301
3.2302e-10 |     114.581 | 1.4362e-09 |  125.871
3.4525e-10 |     112.924 | 1.5611e-09 |  125.442
3.6934e-10 |     111.842 | 1.6897e-09 |  125.014
3.9532e-10 |      111.21 | 1.8226e-09 |  124.586
4.2333e-10 |     110.549 |  1.967e-09 |  124.159
4.5346e-10 |     110.213 | 2.1163e-09 |  123.732
4.8577e-10 |      110.32 | 2.2678e-09 |  123.307
5.2035e-10 |     110.347 | 2.4318e-09 |  122.882
5.5733e-10 |     110.732 | 2.5987e-09 |  122.457
5.9676e-10 |     111.229 | 2.7734e-09 |  122.034
6.3886e-10 |     111.323 | 2.9698e-09 |  121.611
6.8382e-10 |     111.649 |  3.173e-09 |  121.188
7.3172e-10 |     112.297 | 3.3792e-09 |  120.767
7.8288e-10 |     112.022 | 3.6279e-09 |  120.346
8.3781e-10 |     111.422 | 3.9071e-09 |  119.926
8.9691e-10 |     110.783 | 4.2098e-09 |  119.506
9.6061e-10 |     109.768 | 4.5518e-09 |  119.087
1.0295e-09 |     108.573 | 4.9332e-09 |  118.669
 1.104e-09 |     107.426 | 5.3485e-09 |  118.251
1.1844e-09 |     107.146 | 5.7546e-09 |  117.834
1.2704e-09 |     107.839 | 6.1342e-09 |  117.418
1.3622e-09 |     107.838 | 6.5793e-09 |  117.002
1.4608e-09 |     107.261 | 7.0953e-09 |  116.587
1.5662e-09 |     108.236 | 7.5405e-09 |  116.173
1.6773e-09 |     110.413 | 7.9183e-09 |   115.76
1.7942e-09 |     112.015 | 8.3505e-09 |  115.347
1.9169e-09 |     114.022 | 8.7665e-09 |  114.935
2.0457e-09 |     115.742 | 9.2183e-09 |  114.523
2.1813e-09 |     116.729 | 9.7482e-09 |  114.112
2.3241e-09 |     118.231 | 1.0256e-08 |  113.702
2.4737e-09 |     120.444 | 1.0718e-08 |  113.293
2.6311e-09 |      120.51 | 1.1396e-08 |  112.884
2.7984e-09 |     120.502 | 1.2123e-08 |  112.476
2.9742e-09 |     122.776 | 1.2648e-08 |  112.068
3.1573e-09 |     125.117 | 1.3177e-08 |  111.661
3.3491e-09 |     125.752 | 1.3908e-08 |  111.255
3.5515e-09 |     125.955 | 1.4727e-08 |   110.85
3.7661e-09 |     125.465 |  1.568e-08 |  110.445
3.9933e-09 |     126.084 | 1.6546e-08 |  110.041
4.2312e-09 |     128.176 | 1.7248e-08 |  109.638
4.4784e-09 |     130.587 |  1.792e-08 |  109.235
4.7346e-09 |     133.058 | 1.8596e-08 |  108.833
5.0022e-09 |      133.45 | 1.9591e-08 |  108.432
5.2845e-09 |     133.107 | 2.0752e-08 |  108.031
5.5865e-09 |     130.032 | 2.2458e-08 |  107.631
5.9124e-09 |     127.387 | 2.4264e-08 |  107.232
6.2613e-09 |     126.819 | 2.5813e-08 |  106.833
6.6313e-09 |     126.662 | 2.7374e-08 |  106.435
7.0254e-09 |     125.113 | 2.9361e-08 |  106.038
7.4433e-09 |     125.987 | 3.0894e-08 |  105.641
7.8828e-09 |     126.552 | 3.2574e-08 |  105.246
8.3461e-09 |     126.829 | 3.4415e-08 |   104.85
8.8343e-09 |      127.27 | 3.6304e-08 |  104.456
9.3494e-09 |     127.322 | 3.8406e-08 |  104.062
9.8941e-09 |       127.1 | 4.0715e-08 |  103.669
1.0473e-08 |     125.916 | 4.3503e-08 |  103.276
1.1092e-08 |     124.047 | 4.6771e-08 |  102.885
1.1754e-08 |     123.397 | 4.9823e-08 |  102.494
1.2452e-08 |     124.917 | 5.2138e-08 |  102.103
 1.318e-08 |     126.786 | 5.4371e-08 |  101.713
1.3941e-08 |      127.27 | 5.7294e-08 |  101.324
1.4745e-08 |     127.002 | 6.0726e-08 |  100.936
1.5596e-08 |     126.661 | 6.4403e-08 |  100.548
1.6498e-08 |     125.983 | 6.8496e-08 |  100.161
1.7456e-08 |     125.492 | 7.2755e-08 |   99.775
1.8466e-08 |     126.159 |  7.656e-08 |    99.39
1.9526e-08 |     127.225 | 8.0276e-08 |   99.005
2.0638e-08 |     127.721 | 8.4518e-08 |    98.62
 2.181e-08 |     127.555 | 8.9433e-08 |   98.237
2.3049e-08 |     127.244 | 9.4743e-08 |   97.854
2.4357e-08 |     127.373 | 1.0002e-07 |   97.472
2.5735e-08 |     127.637 | 1.0546e-07 |    97.09
2.7188e-08 |     127.285 | 1.1172e-07 |    96.71
2.8727e-08 |      126.76 | 1.1854e-07 |   96.329
3.0358e-08 |     126.226 | 1.2579e-07 |    95.95
3.2087e-08 |      125.53 | 1.3369e-07 |   95.571
3.3918e-08 |     125.223 | 1.4167e-07 |   95.193
3.5851e-08 |     125.568 | 1.4933e-07 |   94.816
3.7882e-08 |     126.145 | 1.5707e-07 |   94.439
4.0012e-08 |     127.068 |  1.647e-07 |   94.063
4.2244e-08 |     127.762 | 1.7294e-07 |   93.688
4.4595e-08 |     127.187 | 1.8339e-07 |   93.314
4.7076e-08 |     127.415 | 1.9325e-07 |    92.94
4.9657e-08 |     130.369 | 1.9922e-07 |   92.567
5.2318e-08 |     132.735 | 2.0616e-07 |   92.194
5.5088e-08 |     133.196 | 2.1632e-07 |   91.822
5.7999e-08 |     132.742 | 2.2853e-07 |   91.451
6.1074e-08 |     131.906 | 2.4218e-07 |   91.081
 6.433e-08 |     130.919 | 2.5701e-07 |   90.711
6.7774e-08 |     130.381 | 2.7188e-07 |   90.342
7.1402e-08 |     130.505 | 2.8617e-07 |   89.974
7.5207e-08 |     131.077 |  3.001e-07 |   89.606
7.9186e-08 |     131.843 | 3.1414e-07 |   89.239
8.3344e-08 |     132.635 | 3.2866e-07 |   88.873
8.7689e-08 |     133.257 | 3.4418e-07 |   88.507
9.2237e-08 |     133.518 | 3.6132e-07 |   88.142
9.7011e-08 |     133.326 | 3.8058e-07 |   87.778
1.0207e-07 |     131.011 | 4.0751e-07 |   87.415
 1.075e-07 |      128.12 | 4.3887e-07 |   87.052
1.1336e-07 |     124.376 | 4.7673e-07 |    86.69
1.1985e-07 |     116.475 |  5.382e-07 |   86.329
1.2725e-07 |     107.216 | 6.2076e-07 |   85.968
1.3537e-07 |     108.043 | 6.5535e-07 |   85.608
1.4455e-07 |      95.981 | 7.8771e-07 |   85.249
 1.551e-07 |      92.736 | 8.7479e-07 |    84.89
1.6659e-07 |       92.79 | 9.3907e-07 |   84.532
 1.789e-07 |      92.981 | 1.0064e-06 |   84.175
1.9192e-07 |      95.093 | 1.0556e-06 |   83.819
2.0585e-07 |      93.201 | 1.1552e-06 |   83.463
2.2077e-07 |      94.943 | 1.2162e-06 |   83.108
 2.365e-07 |      96.121 | 1.2869e-06 |   82.753
2.5311e-07 |      97.101 | 1.3634e-06 |     82.4
2.7076e-07 |        97.2 |  1.457e-06 |   82.047
2.8959e-07 |      97.313 | 1.5565e-06 |   81.695
3.0971e-07 |      96.982 | 1.6703e-06 |   81.343
3.3143e-07 |        95.3 |  1.819e-06 |   80.992
3.5489e-07 |      94.818 | 1.9577e-06 |   80.642
3.7993e-07 |      95.512 | 2.0806e-06 |   80.293
4.0639e-07 |      96.936 | 2.1928e-06 |   79.944
4.3448e-07 |      96.586 | 2.3528e-06 |   79.596
4.6439e-07 |      97.278 | 2.4969e-06 |   79.249
4.9589e-07 |      98.982 | 2.6204e-06 |   78.902
5.2903e-07 |      99.816 | 2.7721e-06 |   78.556
5.6394e-07 |     101.013 | 2.9201e-06 |   78.211
 6.008e-07 |     101.315 | 3.1017e-06 |   77.867
6.3966e-07 |     102.694 | 3.2579e-06 |   77.523
6.8042e-07 |     103.927 | 3.4244e-06 |    77.18
7.2318e-07 |     105.069 |    3.6e-06 |   76.838
7.6799e-07 |     106.384 | 3.7759e-06 |   76.496
 8.149e-07 |      107.65 | 3.9594e-06 |   76.155
8.6399e-07 |     108.872 | 4.1508e-06 |   75.815
9.1541e-07 |     109.775 | 4.3616e-06 |   75.476
9.6943e-07 |     110.275 | 4.5981e-06 |   75.137
1.0262e-06 |     110.959 | 4.8374e-06 |   74.799
1.0857e-06 |     112.176 | 5.0621e-06 |   74.462
1.1477e-06 |     113.572 | 5.2855e-06 |   74.125
1.2123e-06 |     115.002 | 5.5137e-06 |    73.79
1.2796e-06 |     116.182 | 5.7607e-06 |   73.455
1.3498e-06 |     117.278 | 6.0199e-06 |    73.12
 1.423e-06 |     118.528 | 6.2792e-06 |   72.787
1.4991e-06 |     119.533 | 6.5598e-06 |   72.454
1.5785e-06 |     120.694 | 6.8407e-06 |   72.122
1.6611e-06 |     121.877 | 7.1287e-06 |    71.79
1.7469e-06 |      123.24 | 7.4139e-06 |    71.46
1.8359e-06 |      124.64 | 7.7041e-06 |    71.13
1.9284e-06 |     125.494 | 8.0371e-06 |   70.801
2.0247e-06 |     126.111 | 8.3974e-06 |   70.472
2.1251e-06 |     126.831 | 8.7638e-06 |   70.144
2.2296e-06 |     127.641 | 9.1365e-06 |   69.817
2.3382e-06 |     128.682 |  9.504e-06 |   69.491
2.4513e-06 |     128.879 | 9.9484e-06 |   69.166
2.5694e-06 |     129.269 | 1.0396e-05 |   68.841
2.6928e-06 |     129.036 | 1.0915e-05 |   68.517
2.8227e-06 |     127.451 | 1.1584e-05 |   68.194
2.9597e-06 |     127.188 | 1.2171e-05 |   67.871
3.1041e-06 |     125.477 | 1.2939e-05 |    67.55
3.2572e-06 |     124.028 | 1.3736e-05 |   67.229
3.4199e-06 |     121.925 | 1.4671e-05 |   66.909
 3.595e-06 |     117.743 |  1.597e-05 |   66.589
3.7851e-06 |     113.975 |  1.737e-05 |   66.271
3.9901e-06 |     111.779 | 1.8671e-05 |   65.953
4.2087e-06 |     111.017 | 1.9828e-05 |   65.636
4.4391e-06 |     111.247 | 2.0871e-05 |    65.32
4.6804e-06 |     112.079 | 2.1842e-05 |   65.004
 4.932e-06 |     113.148 | 2.2799e-05 |   64.689
5.1932e-06 |     114.843 | 2.3652e-05 |   64.376
5.4635e-06 |     116.509 | 2.4527e-05 |   64.062
5.7435e-06 |     117.735 | 2.5516e-05 |    63.75
6.0333e-06 |     119.518 | 2.6403e-05 |   63.439
6.3336e-06 |     120.385 | 2.7518e-05 |   63.128
6.6448e-06 |     121.896 | 2.8512e-05 |   62.818
 6.967e-06 |      123.02 | 2.9621e-05 |   62.509
7.3007e-06 |     124.135 | 3.0761e-05 |   62.201
 7.647e-06 |     124.848 | 3.2036e-05 |   61.894
8.0066e-06 |     125.533 |  3.336e-05 |   61.588
8.3788e-06 |     127.065 |  3.449e-05 |   61.282
8.7645e-06 |     127.305 | 3.6009e-05 |   60.977
9.1658e-06 |     127.728 | 3.7533e-05 |   60.673
9.5818e-06 |     128.803 |  3.891e-05 |    60.37
1.0012e-05 |     129.941 | 4.0299e-05 |   60.068
1.0456e-05 |     131.104 | 4.1713e-05 |   59.767
1.0914e-05 |     132.066 | 4.3225e-05 |   59.466
1.1388e-05 |     133.039 | 4.4772e-05 |   59.166
1.1876e-05 |     134.566 | 4.6161e-05 |   58.868
1.2379e-05 |     135.396 | 4.7822e-05 |    58.57
1.2898e-05 |     136.997 | 4.9242e-05 |   58.273
 1.343e-05 |     138.251 |  5.081e-05 |   57.977
1.3978e-05 |     139.667 | 5.2346e-05 |   57.682
 1.454e-05 |     141.129 | 5.3887e-05 |   57.387
1.5117e-05 |     142.533 | 5.5475e-05 |   57.094
 1.571e-05 |     143.955 | 5.7079e-05 |   56.802
1.6318e-05 |     144.835 |  5.893e-05 |    56.51
1.6944e-05 |     145.931 | 6.0731e-05 |    56.22
1.7587e-05 |     146.926 | 6.2609e-05 |    55.93
1.8248e-05 |     148.074 | 6.4457e-05 |   55.641
1.8926e-05 |     149.208 | 6.6344e-05 |   55.353
1.9623e-05 |     149.662 | 6.8579e-05 |   55.067
 2.034e-05 |     150.438 | 7.0719e-05 |   54.781
2.1079e-05 |     150.887 | 7.3068e-05 |   54.496
2.1839e-05 |     151.358 | 7.5467e-05 |   54.212
2.2621e-05 |     151.882 | 7.7901e-05 |   53.929
2.3426e-05 |     152.528 |  8.033e-05 |   53.647
 2.425e-05 |     154.198 | 8.2255e-05 |   53.366
2.5091e-05 |      155.55 | 8.4369e-05 |   53.086
2.5951e-05 |     156.958 | 8.6478e-05 |   52.807
2.6832e-05 |     157.567 | 8.9067e-05 |   52.529
2.7736e-05 |      158.01 |  9.181e-05 |   52.252
2.8662e-05 |     159.135 | 9.4207e-05 |   51.975
2.9611e-05 |     160.009 | 9.6791e-05 |     51.7
3.0581e-05 |     160.814 | 9.9464e-05 |   51.426
3.1574e-05 |     162.003 | 0.00010194 |   51.153
3.2586e-05 |     163.612 | 0.00010417 |   50.881
3.3622e-05 |      163.37 | 0.00010764 |   50.611
3.4688e-05 |     163.409 | 0.00011103 |   50.341
3.5782e-05 |     163.805 | 0.00011426 |   50.072
 3.691e-05 |       162.4 | 0.00011888 |   49.804
 3.808e-05 |     160.875 | 0.00012381 |   49.538
3.9288e-05 |     160.759 | 0.00012782 |   49.272
4.0526e-05 |     161.573 | 0.00013119 |   49.007
4.1794e-05 |     161.761 | 0.00013514 |   48.744
4.3096e-05 |     161.828 | 0.00013929 |   48.482
 4.443e-05 |     162.135 | 0.00014333 |   48.221
4.5798e-05 |     162.457 | 0.00014745 |   47.961
4.7201e-05 |     162.274 | 0.00015214 |   47.702
4.8641e-05 |      162.43 | 0.00015663 |   47.444
5.0117e-05 |     162.572 | 0.00016124 |   47.187
5.1632e-05 |     162.204 | 0.00016649 |   46.932
5.3188e-05 |     162.029 |  0.0001717 |   46.678
5.4783e-05 |       162.4 | 0.00017644 |   46.425
5.6412e-05 |     163.371 |  0.0001806 |   46.173
5.8072e-05 |     164.014 | 0.00018519 |   45.922
5.9768e-05 |     164.323 | 0.00019024 |   45.673
6.1505e-05 |     164.141 | 0.00019599 |   45.425
6.3285e-05 |     163.947 |  0.0002019 |   45.178
6.5104e-05 |     164.897 |  0.0002065 |   44.932
6.6956e-05 |     165.681 | 0.00021137 |   44.687
6.8848e-05 |     165.416 | 0.00021769 |   44.444
7.0782e-05 |     165.835 | 0.00022325 |   44.202
7.2754e-05 |     166.519 | 0.00022852 |   43.961
 7.476e-05 |     167.477 | 0.00023348 |   43.722
  7.68e-05 |     168.299 | 0.00023868 |   43.484
7.8879e-05 |     168.188 |  0.0002453 |   43.247
8.1001e-05 |      168.64 | 0.00025123 |   43.011
8.3158e-05 |     169.889 | 0.00025602 |   42.777
8.5349e-05 |     170.154 | 0.00026236 |   42.544
8.7588e-05 |      169.54 | 0.00027022 |   42.312
 8.988e-05 |     169.223 |  0.0002778 |   42.082
9.2217e-05 |     169.623 | 0.00028435 |   41.853
9.4595e-05 |     170.116 | 0.00029084 |   41.625
9.7017e-05 |     169.926 | 0.00029862 |   41.399
9.9486e-05 |     170.252 | 0.00030564 |   41.174
0.00010199 |     171.608 | 0.00031085 |    40.95
0.00010453 |     171.538 | 0.00031873 |   40.728
0.00010713 |     171.086 |  0.0003275 |   40.507
0.00010977 |     171.379 | 0.00033501 |   40.288
0.00011245 |     171.977 |   0.000342 |    40.07
0.00011518 |     172.318 | 0.00034959 |   39.853
0.00011794 |     172.746 |  0.0003571 |   39.638
0.00012075 |     173.706 | 0.00036357 |   39.424
0.00012358 |      174.17 | 0.00037113 |   39.211
0.00012646 |     174.938 |  0.0003781 |     39.0
0.00012938 |     175.036 | 0.00038661 |    38.79
0.00013234 |     175.182 | 0.00039513 |   38.582
0.00013535 |     175.265 | 0.00040391 |   38.375
0.00013841 |     174.805 | 0.00041413 |   38.169
0.00014152 |     174.133 | 0.00042509 |   37.965
 0.0001447 |     173.798 | 0.00043546 |   37.763
0.00014793 |     172.816 | 0.00044772 |   37.562
0.00015123 |     172.361 |  0.0004589 |   37.362
0.00015457 |     172.637 | 0.00046831 |   37.164
0.00015797 |     172.467 | 0.00047906 |   36.967
0.00016142 |     172.057 | 0.00049069 |   36.771
0.00016492 |     171.905 | 0.00050179 |   36.578
0.00016847 |     172.126 | 0.00051194 |   36.385
0.00017208 |     171.777 | 0.00052395 |   36.194
0.00017573 |     171.443 | 0.00053613 |   36.005
0.00017944 |      171.61 | 0.00054691 |   35.817
0.00018319 |     172.025 |   0.000557 |    35.63
0.00018699 |     172.105 | 0.00056827 |   35.445
0.00019083 |     172.159 | 0.00057975 |   35.262
0.00019471 |     172.265 |  0.0005912 |    35.08
0.00019865 |     171.976 | 0.00060415 |   34.899
0.00020263 |     171.975 | 0.00061627 |    34.72
0.00020666 |     171.845 | 0.00062901 |   34.543
0.00021074 |     171.806 | 0.00064158 |   34.366
0.00021487 |     171.835 | 0.00065403 |   34.192
0.00021904 |     171.893 | 0.00066649 |   34.019
0.00022325 |     171.924 | 0.00067919 |   33.847
0.00022751 |     172.108 |  0.0006914 |   33.677
 0.0002318 |     172.232 | 0.00070395 |   33.508
0.00023614 |      172.36 | 0.00071658 |   33.341
0.00024051 |      172.68 | 0.00072849 |   33.175
0.00024491 |     173.031 | 0.00074033 |   33.011
0.00024935 |     173.472 | 0.00075182 |   32.848
0.00025382 |     174.023 | 0.00076286 |   32.686
0.00025831 |     174.371 | 0.00077481 |   32.526
0.00026282 |     175.095 | 0.00078511 |   32.368
0.00026736 |     175.757 | 0.00079565 |    32.21
0.00027192 |     176.202 | 0.00080718 |   32.055
 0.0002765 |     176.921 | 0.00081744 |     31.9
 0.0002811 |     177.576 | 0.00082797 |   31.747
0.00028572 |     178.032 | 0.00083942 |   31.595
0.00029036 |     178.483 |  0.0008509 |   31.445
0.00029502 |     179.052 | 0.00086181 |   31.296
0.00029971 |     179.417 | 0.00087371 |   31.148
0.00030441 |     179.986 | 0.00088461 |   31.002
0.00030913 |     180.224 | 0.00089714 |   30.857
0.00031387 |     180.583 | 0.00090909 |   30.713
0.00031864 |     180.672 | 0.00092245 |   30.571
0.00032343 |     180.937 | 0.00093494 |    30.43
0.00032824 |     180.936 | 0.00094887 |    30.29
0.00033308 |     181.261 | 0.00096114 |   30.151
0.00033794 |     181.725 | 0.00097265 |   30.014
0.00034281 |     182.062 | 0.00098484 |   29.878
 0.0003477 |     182.215 | 0.00099805 |   29.743
0.00035261 |     182.419 |   0.001011 |    29.61
0.00035754 |       182.5 |  0.0010247 |   29.477
0.00036249 |     182.359 |  0.0010397 |   29.346
0.00036747 |     182.629 |  0.0010524 |   29.216
0.00037246 |     182.865 |  0.0010653 |   29.087
0.00037747 |     182.918 |  0.0010794 |   28.959
 0.0003825 |      182.84 |  0.0010942 |   28.833
0.00038756 |     182.887 |  0.0011084 |   28.707
0.00039263 |     182.715 |   0.001124 |   28.583
0.00039774 |     182.359 |  0.0011408 |    28.46
0.00040287 |      181.96 |   0.001158 |   28.338
0.00040803 |     181.905 |  0.0011732 |   28.217
0.00041321 |     181.734 |  0.0011892 |   28.097
 0.0004184 |     182.189 |  0.0012012 |   27.978
 0.0004236 |     182.528 |  0.0012139 |   27.861
0.00042881 |     183.145 |  0.0012246 |   27.744
0.00043401 |     183.583 |  0.0012365 |   27.629
0.00043923 |     183.733 |  0.0012504 |   27.514
0.00044445 |     183.652 |  0.0012658 |   27.401
 0.0004497 |     183.628 |  0.0012809 |   27.288
0.00045495 |     183.934 |  0.0012937 |   27.177
0.00046021 |     184.238 |  0.0013065 |   27.066
0.00046548 |     184.407 |  0.0013203 |   26.957
0.00047075 |     184.758 |  0.0013327 |   26.848
0.00047603 |     185.086 |  0.0013452 |   26.741
0.00048131 |     185.597 |  0.0013564 |   26.634
0.00048658 |     185.809 |  0.0013697 |   26.529
0.00049187 |     186.069 |  0.0013826 |   26.424
0.00049716 |     186.317 |  0.0013956 |    26.32
0.00050245 |     186.117 |   0.001412 |   26.217
0.00050777 |     185.507 |  0.0014317 |   26.115
0.00051312 |     185.248 |  0.0014488 |   26.014
0.00051847 |     185.239 |   0.001464 |   25.913
0.00052384 |     185.625 |   0.001476 |   25.814
0.00052922 |     184.761 |  0.0014982 |   25.715
0.00053463 |     183.981 |  0.0015199 |   25.617
0.00054007 |     183.217 |  0.0015418 |    25.52
0.00054554 |      182.86 |  0.0015604 |   25.424
0.00055103 |     182.704 |  0.0015775 |   25.329
0.00055653 |     182.531 |  0.0015947 |   25.234
0.00056203 |     183.102 |  0.0016055 |    25.14
0.00056754 |     182.945 |  0.0016226 |   25.047
0.00057305 |     182.912 |  0.0016387 |   24.955
0.00057857 |     183.232 |  0.0016515 |   24.864
0.00058409 |     183.183 |  0.0016677 |   24.773
0.00058961 |     183.858 |  0.0016773 |   24.683
0.00059513 |     183.815 |  0.0016934 |   24.594
0.00060065 |     184.082 |  0.0017067 |   24.505
0.00060617 |     184.046 |  0.0017227 |   24.417
 0.0006117 |     184.237 |  0.0017366 |    24.33
0.00061723 |     184.769 |  0.0017472 |   24.244
0.00062275 |     184.757 |   0.001763 |   24.158
0.00062827 |     185.628 |  0.0017703 |   24.073
0.00063378 |     185.346 |  0.0017885 |   23.988
0.00063929 |     186.098 |  0.0017968 |   23.905
 0.0006448 |     186.176 |  0.0018115 |   23.821
0.00065032 |     185.707 |  0.0018316 |   23.739
0.00065585 |     185.844 |  0.0018458 |   23.657
0.00066139 |     185.304 |  0.0018668 |   23.576
0.00066693 |     186.001 |  0.0018754 |   23.495
0.00067247 |     185.816 |  0.0018929 |   23.415
0.00067802 |     185.844 |  0.0019082 |   23.335
0.00068357 |     185.871 |  0.0019236 |   23.256
0.00068913 |      185.67 |  0.0019413 |   23.178
0.00069469 |      186.62 |   0.001947 |     23.1
0.00070024 |     186.019 |  0.0019689 |   23.023
0.00070581 |     186.046 |  0.0019843 |   22.946
0.00071138 |     185.996 |  0.0020005 |    22.87
0.00071696 |     185.881 |  0.0020174 |   22.794
0.00072254 |      186.51 |  0.0020263 |   22.719
0.00072813 |     185.863 |   0.002049 |   22.645
0.00073372 |     185.893 |  0.0020645 |    22.57
0.00073933 |     185.685 |  0.0020826 |   22.497
0.00074494 |      185.93 |  0.0020956 |   22.424
0.00075055 |     185.993 |  0.0021107 |   22.351
0.00075617 |       185.8 |  0.0021287 |   22.279
0.00076179 |     186.196 |  0.0021399 |   22.207
0.00076741 |     186.191 |  0.0021558 |   22.136
0.00077303 |     186.602 |  0.0021668 |   22.065
0.00077864 |     187.196 |  0.0021756 |   21.995
0.00078424 |     187.068 |  0.0021927 |   21.925
0.00078986 |     187.247 |  0.0022063 |   21.856
0.00079547 |     187.397 |  0.0022202 |   21.787
0.00080108 |     187.671 |  0.0022326 |   21.718
0.00080668 |     188.042 |  0.0022438 |    21.65
 0.0008123 |     187.316 |  0.0022682 |   21.582
0.00081793 |     187.878 |  0.0022771 |   21.515
0.00082355 |     188.055 |  0.0022905 |   21.448
0.00082917 |     188.349 |  0.0023026 |   21.381
0.00083478 |     188.637 |  0.0023146 |   21.315
0.00084041 |     188.367 |  0.0023336 |   21.249
0.00084603 |     188.635 |  0.0023459 |   21.184
0.00085167 |     188.176 |  0.0023672 |   21.119
0.00085731 |     188.575 |  0.0023779 |   21.054
0.00086295 |     189.254 |  0.0023849 |    20.99
0.00086858 |     188.779 |  0.0024065 |   20.926
0.00087423 |     189.058 |  0.0024186 |   20.862
0.00087988 |     189.199 |  0.0024324 |   20.799
0.00088553 |     188.731 |  0.0024541 |   20.736
0.00089119 |     189.712 |   0.002457 |   20.673
0.00089684 |     189.638 |  0.0024736 |   20.611
 0.0009025 |     189.295 |  0.0024937 |   20.549
0.00090817 |     189.929 |   0.002501 |   20.487
0.00091384 |     189.308 |  0.0025248 |   20.426
0.00091951 |     190.465 |  0.0025251 |   20.365
0.00092517 |     190.405 |  0.0025414 |   20.304
0.00093084 |     190.136 |  0.0025606 |   20.243
0.00093652 |      190.54 |  0.0025708 |   20.183
0.00094221 |     190.245 |  0.0025904 |   20.123
 0.0009479 |     190.836 |   0.002598 |   20.064
0.00095357 |     191.562 |  0.0026036 |   20.004
0.00095925 |     191.418 |  0.0026211 |   19.945
0.00096493 |     191.375 |  0.0026372 |   19.886
0.00097062 |     191.882 |  0.0026458 |   19.828
0.00097632 |     191.221 |  0.0026705 |    19.77
0.00098202 |     192.231 |   0.002672 |   19.712
0.00098771 |     192.104 |  0.0026892 |   19.654
0.00099342 |     191.736 |    0.00271 |   19.596
0.00099913 |     192.494 |  0.0027148 |   19.539
 0.0010049 |     191.528 |  0.0027442 |   19.482
 0.0010106 |     191.545 |  0.0027596 |   19.425
 0.0010164 |     192.209 |  0.0027657 |   19.369
 0.0010221 |     192.072 |  0.0027833 |   19.313
 0.0010279 |     191.585 |  0.0028062 |   19.256
 0.0010336 |     192.051 |  0.0028151 |   19.201
 0.0010394 |     191.545 |  0.0028383 |   19.145
 0.0010452 |     192.233 |  0.0028439 |    19.09
  0.001051 |     192.114 |  0.0028614 |   19.034
 0.0010568 |     191.704 |  0.0028834 |   18.979
 0.0010627 |     191.718 |  0.0028991 |   18.925
 0.0010685 |     192.182 |   0.002908 |    18.87
 0.0010743 |     191.654 |  0.0029319 |   18.816
 0.0010802 |     192.384 |  0.0029367 |   18.762
  0.001086 |     191.985 |  0.0029587 |   18.708
 0.0010919 |     191.991 |  0.0029746 |   18.654
 0.0010978 |     191.484 |  0.0029986 |     18.6
 0.0011037 |      191.68 |  0.0030116 |   18.547
 0.0011096 |     191.805 |  0.0030258 |   18.494
 0.0011155 |      192.38 |  0.0030328 |   18.441
 0.0011214 |     192.578 |  0.0030457 |   18.388
 0.0011273 |     192.159 |  0.0030684 |   18.336
 0.0011332 |     192.611 |  0.0030774 |   18.283
 0.0011392 |     192.712 |  0.0030918 |   18.231
 0.0011451 |     192.973 |  0.0031038 |   18.179
  0.001151 |     194.031 |  0.0031028 |   18.127
  0.001157 |     193.851 |  0.0031217 |   18.075
 0.0011629 |     194.133 |  0.0031332 |   18.024
 0.0011689 |     194.215 |  0.0031479 |   17.972
 0.0011748 |     194.426 |  0.0031605 |   17.921
 0.0011808 |     194.155 |  0.0031809 |    17.87
 0.0011868 |     194.945 |  0.0031841 |   17.819
 0.0011927 |     194.823 |  0.0032021 |   17.768
 0.0011987 |      195.03 |  0.0032148 |   17.718
 0.0012047 |     195.162 |  0.0032286 |   17.667
 0.0012107 |     195.167 |  0.0032446 |   17.617
 0.0012167 |      195.34 |  0.0032579 |   17.567
 0.0012227 |     195.587 |  0.0032698 |   17.516
 0.0012288 |     195.732 |  0.0032835 |   17.467
 0.0012348 |      195.62 |  0.0033015 |   17.417
 0.0012408 |      196.19 |  0.0033081 |   17.367
 0.0012469 |     196.175 |  0.0033245 |   17.318
  0.001253 |     195.988 |  0.0033438 |   17.268
  0.001259 |     195.923 |  0.0033612 |   17.219
 0.0012651 |     196.063 |   0.003375 |    17.17
 0.0012712 |     196.651 |  0.0033812 |   17.121
 0.0012773 |     196.649 |  0.0033974 |   17.072
 0.0012835 |     196.805 |   0.003411 |   17.023
 0.0012896 |     196.785 |  0.0034277 |   16.974
 0.0012957 |     196.474 |  0.0034494 |   16.926
 0.0013019 |     196.656 |  0.0034627 |   16.878
 0.0013081 |     197.144 |  0.0034705 |   16.829
 0.0013143 |     197.608 |  0.0034787 |   16.781
 0.0013204 |     197.372 |  0.0034992 |   16.733
 0.0013266 |     197.268 |  0.0035175 |   16.685
 0.0013329 |     197.293 |  0.0035336 |   16.637
 0.0013391 |     197.252 |  0.0035508 |   16.589
 0.0013454 |     197.527 |  0.0035624 |   16.542
 0.0013516 |     198.197 |  0.0035669 |   16.494
 0.0013579 |     197.571 |  0.0035948 |   16.446
 0.0013642 |     197.172 |  0.0036188 |   16.399
 0.0013705 |     197.498 |  0.0036295 |   16.352
 0.0013768 |     197.883 |  0.0036392 |   16.305
 0.0013832 |     197.817 |  0.0036571 |   16.258
 0.0013895 |      198.26 |  0.0036657 |   16.211
 0.0013959 |     198.146 |  0.0036846 |   16.164
 0.0014022 |     197.784 |  0.0037082 |   16.117
 0.0014086 |     198.287 |  0.0037157 |    16.07
  0.001415 |     198.349 |  0.0037314 |   16.023
 0.0014215 |     198.393 |  0.0037475 |   15.977
 0.0014279 |     197.811 |  0.0037756 |    15.93
 0.0014344 |     197.804 |  0.0037929 |   15.884
 0.0014409 |       198.7 |  0.0037928 |   15.838
 0.0014474 |     198.474 |  0.0038142 |   15.791
 0.0014539 |     198.017 |  0.0038403 |   15.745
 0.0014604 |     198.139 |  0.0038552 |   15.699
  0.001467 |      197.93 |  0.0038766 |   15.653
 0.0014736 |     197.737 |  0.0038978 |   15.607
 0.0014802 |     197.451 |  0.0039209 |   15.561
 0.0014868 |     198.016 |  0.0039273 |   15.515
 0.0014935 |     197.886 |  0.0039474 |    15.47
 0.0015001 |     196.738 |  0.0039882 |   15.424
 0.0015069 |     196.627 |  0.0040084 |   15.378
 0.0015136 |     196.381 |  0.0040314 |   15.333
 0.0015204 |     196.225 |  0.0040527 |   15.287
 0.0015272 |      196.73 |  0.0040603 |   15.242
  0.001534 |     198.038 |  0.0040514 |   15.196
 0.0015408 |      198.47 |  0.0040604 |   15.151
 0.0015476 |     197.836 |  0.0040914 |   15.106
 0.0015544 |      197.93 |  0.0041075 |   15.061
 0.0015612 |     197.754 |  0.0041293 |   15.016
 0.0015681 |     196.709 |  0.0041696 |   14.971
 0.0015751 |     197.264 |  0.0041762 |   14.926
  0.001582 |     197.443 |  0.0041908 |   14.881
 0.0015889 |     197.796 |  0.0042017 |   14.836
 0.0015959 |     197.303 |  0.0042307 |   14.791
 0.0016029 |     196.714 |   0.004262 |   14.746
   0.00161 |     197.418 |  0.0042655 |   14.702
  0.001617 |     197.568 |  0.0042809 |   14.657
 0.0016241 |     196.419 |  0.0043248 |   14.612
 0.0016312 |     195.999 |  0.0043531 |   14.568
 0.0016384 |     196.705 |  0.0043565 |   14.523
 0.0016455 |     196.887 |  0.0043715 |   14.479
 0.0016527 |     195.825 |  0.0044144 |   14.434
   0.00166 |     194.823 |  0.0044566 |    14.39
 0.0016673 |     194.577 |  0.0044819 |   14.346
 0.0016746 |     195.209 |   0.004487 |   14.301
  0.001682 |     194.898 |  0.0045139 |   14.257
 0.0016894 |     195.223 |  0.0045261 |   14.213
 0.0016968 |     194.799 |  0.0045558 |   14.169
 0.0017042 |     195.702 |  0.0045546 |   14.125
 0.0017116 |     195.353 |  0.0045827 |   14.081
 0.0017191 |     194.452 |   0.004624 |   14.037
 0.0017266 |     194.698 |  0.0046384 |   13.993
 0.0017341 |     194.553 |  0.0046621 |   13.949
 0.0017417 |     193.627 |  0.0047049 |   13.905
 0.0017494 |     193.217 |  0.0047355 |   13.861
  0.001757 |     193.669 |  0.0047452 |   13.817
 0.0017647 |     193.291 |  0.0047753 |   13.773
 0.0017725 |     193.217 |   0.004798 |    13.73
 0.0017802 |     192.925 |  0.0048264 |   13.686
  0.001788 |     192.223 |  0.0048652 |   13.642
 0.0017959 |     192.827 |  0.0048713 |   13.599
 0.0018037 |     192.523 |  0.0049003 |   13.555
 0.0018116 |     192.175 |  0.0049307 |   13.512
 0.0018196 |     192.234 |  0.0049508 |   13.468
 0.0018275 |     192.803 |  0.0049577 |   13.425
 0.0018355 |     191.836 |  0.0050045 |   13.381
 0.0018436 |      191.21 |  0.0050429 |   13.338
 0.0018516 |     191.731 |  0.0050513 |   13.294
 0.0018598 |     190.861 |  0.0050965 |   13.251
 0.0018679 |     191.529 |   0.005101 |   13.208
 0.0018761 |     190.633 |  0.0051475 |   13.164
 0.0018843 |     190.673 |   0.005169 |   13.121
 0.0018926 |     191.306 |  0.0051745 |   13.078
 0.0019009 |     191.397 |  0.0051946 |   13.035
 0.0019092 |     189.837 |  0.0052602 |   12.992
 0.0019176 |     189.973 |  0.0052796 |   12.949
  0.001926 |     189.273 |  0.0053224 |   12.905
 0.0019345 |     188.679 |  0.0053627 |   12.862
 0.0019431 |     188.772 |  0.0053838 |   12.819
 0.0019516 |     188.929 |   0.005403 |   12.776
 0.0019602 |     188.824 |  0.0054298 |   12.733
 0.0019689 |     188.892 |  0.0054518 |    12.69
 0.0019775 |     188.891 |  0.0054758 |   12.648
 0.0019862 |      189.66 |  0.0054775 |   12.605
 0.0019949 |     189.077 |  0.0055185 |   12.562
 0.0020037 |     188.507 |  0.0055595 |   12.519
 0.0020125 |     187.892 |  0.0056023 |   12.476
 0.0020214 |     187.958 |   0.005625 |   12.433
 0.0020303 |      187.99 |  0.0056488 |   12.391
 0.0020392 |     188.276 |  0.0056651 |   12.348
 0.0020482 |     188.613 |  0.0056798 |   12.305
 0.0020572 |      188.12 |  0.0057197 |   12.262
 0.0020662 |     187.449 |  0.0057654 |    12.22
 0.0020753 |     188.348 |  0.0057631 |   12.177
 0.0020844 |     188.751 |   0.005776 |   12.134
 0.0020935 |     188.455 |  0.0058104 |   12.092
 0.0021027 |     188.696 |  0.0058284 |   12.049
 0.0021119 |     189.135 |  0.0058402 |   12.007
 0.0021211 |      188.41 |  0.0058883 |   11.964
 0.0021304 |     188.653 |  0.0059064 |   11.922
 0.0021397 |      188.43 |  0.0059392 |   11.879
  0.002149 |     188.646 |  0.0059583 |   11.837
 0.0021584 |     188.261 |  0.0059966 |   11.794
 0.0021678 |      188.38 |   0.006019 |   11.752
 0.0021773 |     188.147 |  0.0060528 |   11.709
 0.0021868 |     188.426 |  0.0060702 |   11.667
 0.0021964 |     187.195 |  0.0061368 |   11.624
  0.002206 |     187.814 |  0.0061434 |   11.582
 0.0022156 |     187.361 |  0.0061852 |    11.54
 0.0022254 |      186.92 |   0.006227 |   11.497
 0.0022351 |     187.461 |  0.0062363 |   11.455
 0.0022449 |     186.785 |  0.0062863 |   11.413
 0.0022548 |     186.648 |  0.0063185 |    11.37
 0.0022647 |     186.592 |  0.0063482 |   11.328
 0.0022746 |     187.025 |  0.0063613 |   11.286
 0.0022846 |     187.634 |  0.0063684 |   11.243
 0.0022946 |     187.247 |  0.0064094 |   11.201
 0.0023046 |      187.88 |  0.0064157 |   11.159
 0.0023146 |     187.781 |  0.0064471 |   11.117
 0.0023247 |      186.45 |  0.0065215 |   11.074
 0.0023349 |     188.208 |  0.0064888 |   11.032
 0.0023451 |     188.058 |  0.0065222 |    10.99
 0.0023553 |      187.47 |  0.0065712 |   10.948
 0.0023655 |     187.588 |  0.0065957 |   10.906
 0.0023758 |     188.285 |  0.0065999 |   10.863
 0.0023862 |      186.09 |  0.0067069 |   10.821
 0.0023967 |     186.938 |  0.0067057 |   10.779
 0.0024072 |     185.674 |   0.006781 |   10.737
 0.0024177 |     186.332 |  0.0067867 |   10.695
 0.0024283 |     186.375 |  0.0068149 |   10.653
  0.002439 |     186.132 |  0.0068537 |   10.611
 0.0024497 |     185.969 |  0.0068898 |   10.568
 0.0024605 |     184.656 |  0.0069693 |   10.526
 0.0024714 |     183.718 |   0.007036 |   10.484
 0.0024823 |     184.664 |  0.0070309 |   10.442
 0.0024933 |     184.472 |  0.0070693 |     10.4
 0.0025043 |     184.444 |  0.0071017 |   10.358
 0.0025154 |      184.43 |  0.0071336 |   10.316
 0.0025265 |     185.121 |  0.0071383 |   10.274
 0.0025376 |     185.028 |  0.0071733 |   10.232
 0.0025488 |     184.114 |  0.0072408 |    10.19
 0.0025601 |     184.169 |  0.0072706 |   10.148
 0.0025714 |     185.142 |  0.0072644 |   10.106
 0.0025827 |     184.299 |  0.0073298 |   10.064
 0.0025941 |     185.212 |  0.0073258 |   10.022
 0.0026055 |     184.899 |  0.0073704 |     9.98
  0.002617 |     184.887 |  0.0074034 |    9.938
 0.0026286 |     182.617 |  0.0075286 |    9.896
 0.0026402 |     184.847 |  0.0074707 |    9.854
 0.0026518 |     185.177 |  0.0074902 |    9.812
 0.0026635 |     184.084 |  0.0075679 |     9.77
 0.0026753 |     183.943 |  0.0076072 |    9.728
 0.0026871 |       184.3 |  0.0076259 |    9.686
  0.002699 |      184.02 |  0.0076713 |    9.645
 0.0027109 |     184.319 |  0.0076926 |    9.603
 0.0027228 |     184.134 |  0.0077343 |    9.561
 0.0027348 |     184.378 |  0.0077582 |    9.519
 0.0027469 |     185.551 |   0.007743 |    9.477
 0.0027589 |     184.422 |  0.0078246 |    9.435
 0.0027711 |     184.633 |  0.0078501 |    9.393
 0.0027833 |     185.119 |  0.0078639 |    9.351
 0.0027955 |       184.1 |  0.0079422 |    9.309
 0.0028078 |     183.836 |  0.0079887 |    9.268
 0.0028202 |     184.271 |   0.008005 |    9.226
 0.0028327 |     184.468 |  0.0080317 |    9.184
 0.0028451 |     185.896 |   0.008005 |    9.142
 0.0028575 |     186.055 |  0.0080331 |      9.1
   0.00287 |     186.591 |  0.0080449 |    9.058
 0.0028824 |     187.587 |  0.0080369 |    9.016
 0.0028949 |     187.903 |  0.0080581 |    8.975
 0.0028996 |     187.585 |  0.0080848 |    8.959
