pressure | temperature |   density | altitude
 0.00275 |      167.08 | 0.0056589 |    146.8
 0.00276 |      166.54 | 0.0056572 |   146.53
 0.00278 |      165.68 | 0.0057393 |   146.26
 0.00279 |      165.73 | 0.0058771 |    146.0
  0.0028 |      165.56 | 0.0058542 |   145.73
 0.00282 |      164.61 | 0.0059132 |   145.47
 0.00284 |      164.44 | 0.0058803 |   145.22
 0.00285 |      164.68 | 0.0059319 |   144.96
 0.00287 |      164.63 | 0.0060082 |    144.7
 0.00288 |       164.2 | 0.0061051 |   144.45
  0.0029 |      164.05 | 0.0060584 |    144.2
 0.00292 |      163.91 | 0.0061074 |   143.94
 0.00294 |      163.77 | 0.0061542 |   143.69
 0.00295 |      163.57 | 0.0062168 |   143.44
 0.00297 |      163.36 |   0.00632 |   143.19
 0.00299 |      163.21 |   0.00632 |   142.95
 0.00301 |      162.58 | 0.0063348 |    142.7
 0.00303 |      162.77 | 0.0063742 |   142.45
 0.00307 |       162.5 |  0.006493 |   141.94
 0.00309 |      162.11 | 0.0065811 |    141.7
 0.00311 |      162.43 | 0.0065541 |   141.46
 0.00312 |      162.44 | 0.0066045 |   141.22
 0.00314 |      162.37 | 0.0066466 |   140.98
 0.00316 |      162.17 | 0.0066873 |   140.74
 0.00318 |      161.62 | 0.0067339 |    140.5
  0.0032 |      161.47 | 0.0067783 |   140.26
 0.00322 |      161.33 | 0.0068168 |   140.03
 0.00324 |      161.54 | 0.0068636 |   139.79
 0.00325 |      161.47 |  0.006911 |   139.55
 0.00327 |       161.1 |   0.00695 |   139.32
 0.00329 |      161.13 | 0.0069979 |   139.09
 0.00331 |       161.0 |  0.007037 |   138.85
 0.00333 |       160.9 | 0.0070926 |   138.62
 0.00335 |      160.88 | 0.0071337 |   138.39
 0.00337 |       160.9 | 0.0071721 |   138.16
 0.00339 |      160.99 | 0.0072116 |   137.93
 0.00343 |      160.91 | 0.0073162 |   137.43
 0.00345 |      160.73 |  0.007366 |   137.21
 0.00347 |      160.61 | 0.0074255 |   136.98
 0.00349 |      160.52 | 0.0075533 |   136.75
 0.00351 |      160.31 | 0.0074957 |   136.53
 0.00353 |      160.17 | 0.0075127 |    136.3
 0.00355 |      160.38 | 0.0075319 |   136.08
 0.00357 |      160.33 |  0.007627 |   135.86
 0.00359 |      160.02 |  0.007675 |   135.64
 0.00361 |      159.74 | 0.0077149 |   135.41
 0.00363 |       159.8 | 0.0077806 |   135.19
 0.00365 |      160.04 | 0.0078346 |   134.97
 0.00367 |      160.02 | 0.0078775 |   134.75
 0.00369 |      159.74 | 0.0079094 |   134.53
 0.00371 |      159.55 | 0.0078806 |   134.31
 0.00373 |      159.59 |  0.007976 |    134.1
 0.00375 |      159.65 | 0.0080919 |   133.88
 0.00378 |       159.5 | 0.0079966 |   133.66
  0.0038 |      159.68 | 0.0081046 |   133.45
 0.00382 |      160.32 | 0.0081629 |   133.23
 0.00384 |      160.24 | 0.0082062 |   133.02
 0.00386 |      160.05 |  0.008249 |    132.8
 0.00388 |      160.32 | 0.0083003 |   132.59
  0.0039 |      160.34 | 0.0083163 |   132.38
 0.00392 |      160.08 | 0.0083909 |   132.16
 0.00395 |      160.01 | 0.0084651 |   131.95
 0.00397 |      160.12 | 0.0085394 |   131.74
 0.00401 |      159.53 | 0.0086728 |    131.3
 0.00403 |      158.97 | 0.0087703 |   131.09
 0.00405 |      158.39 | 0.0088237 |   130.88
 0.00408 |      157.81 | 0.0088775 |   130.67
  0.0041 |      157.67 | 0.0089389 |   130.46
 0.00412 |      157.34 | 0.0089366 |   130.25
 0.00415 |      157.27 | 0.0090638 |   130.05
 0.00417 |      157.21 | 0.0091427 |   129.84
 0.00419 |      156.58 | 0.0092099 |   129.64
 0.00421 |       156.2 | 0.0092322 |   129.44
 0.00423 |      156.19 | 0.0092193 |   129.23
 0.00425 |      155.93 | 0.0093337 |   129.03
 0.00428 |      155.97 | 0.0093768 |   128.83
  0.0043 |      156.04 | 0.0093521 |   128.63
 0.00432 |      156.09 | 0.0094913 |   128.43
 0.00435 |      156.37 | 0.0094948 |   128.23
 0.00437 |      156.21 | 0.0095002 |   128.03
 0.00439 |      156.15 | 0.0096337 |   127.83
 0.00444 |      156.19 | 0.0096836 |   127.41
 0.00446 |       156.2 | 0.0098144 |   127.22
 0.00448 |      156.21 | 0.0098421 |   127.02
 0.00451 |       156.2 | 0.0098572 |   126.82
 0.00453 |      156.09 | 0.0099621 |   126.63
 0.00456 |      156.03 | 0.0099743 |   126.43
 0.00458 |      156.01 |  0.010108 |   126.24
  0.0046 |      155.68 |  0.010097 |   126.04
 0.00463 |      155.43 |  0.010242 |   125.85
 0.00465 |      155.37 |   0.01029 |   125.66
 0.00467 |       155.2 |  0.010275 |   125.47
  0.0047 |      155.11 |  0.010404 |   125.27
 0.00472 |      155.07 |  0.010444 |   125.08
 0.00475 |      154.95 |  0.010436 |   124.89
 0.00477 |      155.19 |  0.010447 |    124.7
 0.00479 |      155.31 |  0.010541 |   124.51
 0.00482 |      155.38 |   0.01067 |   124.32
 0.00484 |      155.35 |  0.010663 |   124.13
 0.00486 |      155.09 |  0.010721 |   123.95
 0.00489 |      155.27 |  0.010766 |   123.76
 0.00491 |      155.34 |  0.010823 |   123.57
 0.00494 |      155.22 |  0.010856 |   123.38
 0.00496 |      155.26 |  0.010903 |    123.2
 0.00499 |      155.49 |     0.011 |   123.01
 0.00501 |      155.54 |  0.011069 |   122.82
 0.00504 |      155.42 |  0.011089 |   122.64
 0.00506 |       155.5 |  0.011111 |   122.45
 0.00511 |      155.41 |  0.011283 |   122.06
 0.00514 |      155.23 |  0.011331 |   121.88
 0.00516 |      155.05 |  0.011395 |    121.7
 0.00519 |      155.09 |  0.011451 |   121.52
 0.00522 |      155.18 |  0.011547 |   121.34
 0.00524 |       155.1 |  0.011506 |   121.15
 0.00527 |      155.08 |  0.011624 |   120.97
 0.00529 |      155.36 |  0.011563 |   120.79
 0.00532 |      155.67 |  0.011695 |   120.61
 0.00534 |      155.69 |  0.011728 |   120.43
 0.00536 |      155.72 |  0.011831 |   120.26
 0.00539 |      155.71 |  0.011828 |   120.08
 0.00542 |      155.75 |  0.011896 |    119.9
 0.00545 |      155.79 |  0.011993 |   119.72
 0.00547 |      155.69 |  0.012061 |   119.54
  0.0055 |      155.65 |    0.0121 |   119.36
 0.00552 |      155.15 |  0.012198 |   119.18
 0.00556 |      155.15 |  0.012359 |   119.01
 0.00561 |      154.73 |   0.01248 |   118.64
 0.00564 |      154.23 |  0.012544 |   118.46
 0.00566 |      154.07 |  0.012559 |   118.29
 0.00569 |      153.75 |  0.012669 |   118.11
 0.00571 |      153.64 |  0.012738 |   117.94
 0.00574 |      153.65 |  0.012769 |   117.77
 0.00576 |      153.67 |  0.012883 |    117.6
 0.00579 |      153.55 |  0.012921 |   117.43
 0.00582 |      153.42 |   0.01294 |   117.25
 0.00584 |      153.36 |     0.013 |   117.08
 0.00587 |      153.29 |  0.013098 |   116.91
  0.0059 |      153.21 |  0.013139 |   116.74
 0.00593 |      153.29 |   0.01316 |   116.57
 0.00595 |      153.53 |  0.013215 |    116.4
 0.00598 |      153.63 |  0.013277 |   116.23
 0.00601 |      153.74 |  0.013386 |   116.07
 0.00603 |      153.66 |  0.013469 |    115.9
 0.00606 |      153.75 |  0.013503 |   115.73
 0.00609 |      153.64 |  0.013562 |   115.56
 0.00612 |      153.45 |  0.013627 |   115.39
 0.00615 |       153.4 |   0.01373 |   115.23
 0.00618 |      153.35 |  0.013805 |   115.06
  0.0062 |      153.24 |  0.013844 |   114.89
 0.00623 |      153.23 |  0.013935 |   114.73
 0.00626 |      153.29 |  0.014032 |   114.56
 0.00629 |      153.09 |  0.014124 |    114.4
 0.00632 |       153.0 |  0.014205 |   114.23
 0.00638 |      151.98 |  0.014375 |   113.88
  0.0064 |      151.74 |  0.014455 |   113.72
 0.00643 |      151.59 |  0.014548 |   113.55
 0.00646 |      151.43 |  0.014629 |   113.39
 0.00649 |      151.34 |  0.014668 |   113.23
 0.00652 |      151.29 |  0.014799 |   113.07
 0.00655 |       151.2 |  0.014963 |   112.91
 0.00658 |      151.03 |  0.015022 |   112.75
 0.00661 |      150.58 |   0.01512 |   112.59
 0.00664 |      150.06 |    0.0152 |   112.43
 0.00667 |      149.68 |  0.015271 |   112.27
 0.00669 |      149.25 |  0.015353 |   112.11
 0.00673 |      149.05 |  0.015438 |   111.96
 0.00675 |      148.97 |  0.015532 |    111.8
 0.00678 |      148.88 |  0.015646 |   111.65
 0.00681 |      148.76 |  0.015749 |   111.49
 0.00684 |      148.62 |  0.015788 |   111.34
 0.00687 |      148.39 |  0.015899 |   111.18
 0.00695 |      148.05 |  0.016071 |   110.86
 0.00698 |      147.94 |  0.016175 |   110.69
 0.00702 |      147.52 |   0.01629 |    110.5
 0.00706 |      147.38 |  0.016441 |   110.29
  0.0071 |      147.18 |  0.016579 |   110.07
 0.00715 |      146.88 |  0.016621 |   109.83
  0.0072 |      146.65 |  0.016729 |   109.57
 0.00726 |      146.41 |  0.017056 |    109.3
 0.00732 |      146.27 |  0.017062 |   109.02
 0.00738 |      146.21 |  0.017173 |   108.73
 0.00744 |      146.23 |  0.017307 |   108.42
  0.0075 |      146.23 |   0.01745 |   108.12
 0.00757 |      146.01 |  0.017731 |    107.8
 0.00764 |      145.91 |  0.017724 |   107.48
 0.00771 |      146.15 |   0.01792 |   107.15
 0.00779 |      146.12 |  0.018174 |   106.82
 0.00787 |       146.2 |  0.018135 |   106.48
 0.00794 |      146.32 |  0.018392 |   106.15
 0.00802 |      145.64 |  0.018918 |   105.81
  0.0081 |      145.06 |  0.018996 |   105.46
 0.00818 |      144.68 |  0.019193 |   105.12
 0.00826 |      144.01 |  0.019456 |   104.78
 0.00834 |      143.67 |  0.019751 |   104.43
 0.00843 |      143.33 |  0.019963 |   104.09
 0.00851 |      143.21 |  0.020081 |   103.75
  0.0086 |      143.06 |  0.020418 |    103.4
 0.00869 |      143.21 |  0.020499 |   103.06
 0.00887 |      143.24 |  0.020979 |   102.34
 0.00896 |      143.01 |  0.021158 |    102.0
 0.00905 |      142.97 |   0.02134 |   101.67
 0.00914 |      143.09 |  0.021523 |   101.33
 0.00923 |      143.23 |  0.021584 |    101.0
 0.00932 |      142.96 |  0.021836 |   100.66
 0.00941 |      142.35 |  0.022272 |   100.33
 0.00951 |      141.95 |  0.022699 |    100.0
  0.0096 |      141.68 |  0.022924 |   99.675
 0.00969 |       141.2 |  0.023114 |   99.348
 0.00979 |      141.27 |   0.02337 |   99.023
 0.00988 |       141.4 |  0.023547 |   98.699
 0.00997 |       141.4 |  0.023793 |   98.378
 0.01007 |      141.49 |  0.024116 |   98.057
 0.01017 |      141.59 |  0.024339 |   97.739
 0.01026 |      141.58 |  0.024522 |   97.422
 0.01036 |      141.02 |  0.024794 |   97.106
 0.01046 |      140.79 |  0.025197 |   96.792
 0.01066 |      140.62 |  0.025621 |   96.145
 0.01076 |      140.24 |  0.025959 |   95.836
 0.01086 |      139.88 |  0.026226 |    95.53
 0.01096 |      139.83 |  0.026551 |   95.224
 0.01106 |       139.4 |  0.026842 |   94.921
 0.01116 |      139.14 |  0.027019 |   94.619
 0.01127 |      138.98 |  0.027357 |   94.319
 0.01137 |      138.61 |  0.027807 |   94.021
 0.01147 |      138.15 |  0.028132 |   93.724
 0.01157 |      137.76 |  0.028339 |   93.429
 0.01167 |      137.65 |  0.028603 |   93.136
 0.01178 |      137.65 |  0.028884 |   92.845
 0.01188 |      137.41 |  0.029156 |   92.556
 0.01199 |       137.1 |  0.029493 |   92.268
  0.0121 |      137.13 |  0.029735 |   91.981
  0.0122 |      137.07 |  0.030106 |   91.696
 0.01231 |      137.23 |  0.030382 |   91.413
 0.01242 |      137.39 |  0.030449 |   91.131
 0.01253 |       137.3 |  0.030722 |    90.85
 0.01265 |       136.9 |  0.031156 |   90.569
 0.01275 |      136.86 |  0.031447 |   90.289
 0.01286 |      136.93 |  0.031694 |   90.011
 0.01298 |      136.74 |  0.031965 |   89.735
  0.0131 |      136.29 |   0.03244 |   89.459
 0.01321 |       136.0 |  0.032814 |   89.185
 0.01331 |      135.72 |  0.033098 |   88.912
 0.01343 |      135.64 |  0.033268 |   88.641
 0.01366 |      135.56 |  0.033812 |   88.081
 0.01378 |      135.11 |  0.034021 |   87.815
  0.0139 |      134.49 |  0.034818 |   87.551
 0.01401 |      133.65 |  0.035416 |   87.288
 0.01412 |      132.96 |  0.035739 |   87.026
 0.01424 |      132.97 |  0.036179 |   86.766
 0.01435 |       132.9 |  0.036468 |   86.507
 0.01447 |      132.67 |    0.0367 |    86.25
 0.01459 |      132.57 |  0.037101 |   85.994
 0.01471 |      132.47 |  0.037491 |   85.739
 0.01483 |      132.31 |  0.037754 |   85.485
 0.01495 |       132.2 |  0.038002 |   85.232
 0.01507 |      132.02 |  0.038256 |   84.981
  0.0152 |      131.52 |  0.038704 |   84.731
 0.01532 |       131.0 |  0.039329 |   84.482
 0.01545 |      130.58 |  0.039668 |   84.234
 0.01557 |       130.1 |  0.040291 |   83.988
  0.0157 |       129.9 |  0.040691 |   83.743
 0.01596 |      129.61 |  0.041396 |   83.229
 0.01608 |       129.1 |  0.041873 |   82.989
 0.01621 |      128.62 |  0.042556 |   82.749
 0.01634 |      128.37 |  0.042872 |   82.511
 0.01647 |      128.35 |  0.043182 |   82.274
  0.0166 |      128.06 |  0.043706 |   82.038
 0.01673 |      127.89 |  0.044179 |   81.804
 0.01686 |      127.79 |   0.04444 |    81.57
   0.017 |      127.77 |  0.044913 |   81.338
 0.01713 |      127.69 |  0.045283 |   81.107
 0.01726 |       127.5 |  0.045619 |   80.878
  0.0174 |      127.26 |  0.046153 |    80.65
 0.01753 |       126.7 |  0.046612 |   80.423
 0.01767 |      125.95 |  0.047177 |   80.198
 0.01781 |      125.75 |  0.047781 |   79.973
 0.01794 |      125.23 |  0.048214 |    79.75
 0.01808 |      125.01 |  0.048752 |   79.528
 0.01821 |      124.91 |  0.049347 |   79.307
 0.01835 |      124.68 |  0.049717 |   79.087
 0.01849 |      124.45 |  0.050177 |   78.867
 0.01863 |       124.1 |  0.050667 |   78.648
 0.01877 |      123.71 |  0.051183 |   78.431
 0.01891 |      123.38 |  0.051828 |   78.214
 0.01906 |      122.93 |  0.052398 |   77.999
 0.01921 |      122.22 |  0.053235 |   77.785
 0.01935 |      121.35 |  0.054039 |   77.572
 0.01949 |      120.77 |  0.054626 |    77.36
  0.0198 |      120.46 |  0.055598 |   76.899
 0.01994 |      120.34 |  0.056091 |   76.694
 0.02009 |      120.23 |   0.05641 |    76.49
 0.02024 |      120.18 |  0.056985 |   76.286
 0.02039 |       119.6 |  0.057876 |   76.084
 0.02054 |      118.57 |  0.058718 |   75.883
 0.02068 |      117.98 |  0.059428 |   75.682
 0.02083 |      117.87 |  0.059803 |   75.483
 0.02099 |       117.9 |  0.060239 |   75.285
 0.02114 |      117.92 |   0.06061 |   75.088
 0.02129 |      117.81 |  0.061287 |    74.89
 0.02145 |      117.39 |  0.061947 |   74.693
  0.0216 |      116.81 |  0.062552 |   74.498
 0.02176 |      116.42 |  0.063195 |   74.303
 0.02192 |      116.11 |  0.063913 |   74.109
 0.02208 |      115.88 |  0.064508 |   73.916
 0.02224 |       115.6 |  0.065098 |   73.724
 0.02239 |      115.16 |  0.065706 |   73.533
 0.02274 |      114.84 |   0.06704 |    73.13
  0.0229 |      114.57 |  0.067819 |   72.942
 0.02306 |       114.1 |  0.068507 |   72.755
 0.02323 |       113.8 |  0.068971 |   72.569
 0.02339 |      113.42 |  0.069821 |   72.383
 0.02356 |      112.86 |  0.070866 |   72.199
 0.02373 |      112.36 |  0.071576 |   72.016
 0.02389 |      112.08 |  0.072251 |   71.834
 0.02406 |       111.7 |  0.073059 |   71.652
 0.02423 |       110.8 |  0.074001 |   71.472
 0.02441 |      110.21 |   0.07501 |   71.292
 0.02458 |      108.97 |  0.076351 |   71.113
 0.02476 |      107.69 |  0.077658 |   70.935
 0.02494 |      107.04 |  0.078584 |   70.759
 0.02512 |      106.47 |  0.079627 |   70.584
  0.0253 |      105.91 |  0.080745 |   70.411
 0.02548 |      105.65 |  0.081387 |   70.238
 0.02565 |       105.4 |  0.081983 |   70.067
 0.02584 |       105.2 |  0.082849 |   69.896
 0.02601 |      104.93 |  0.083601 |   69.727
 0.02619 |      104.65 |    0.0844 |   69.559
 0.02636 |      104.43 |  0.084988 |   69.391
 0.02656 |      103.94 |  0.086189 |   69.225
 0.02674 |      103.09 |  0.087506 |   69.059
 0.02693 |      102.77 |  0.088319 |   68.894
 0.02711 |      102.51 |  0.089232 |   68.731
 0.02729 |      102.35 |  0.089945 |   68.568
 0.02769 |      101.62 |  0.091891 |    68.22
 0.02787 |      101.05 |   0.09288 |    68.06
 0.02807 |      100.07 |  0.094307 |   67.902
 0.02827 |      99.432 |   0.09564 |   67.745
 0.02846 |      98.922 |  0.096755 |   67.588
 0.02865 |      98.368 |  0.097602 |   67.433
 0.02886 |      97.652 |  0.099115 |   67.278
 0.02906 |      96.831 |   0.10081 |   67.125
 0.02925 |      96.328 |   0.10184 |   66.973
 0.02945 |       95.77 |   0.10323 |   66.821
 0.02966 |      95.144 |   0.10471 |    66.67
 0.02985 |      93.823 |    0.1068 |    66.52
 0.03006 |      93.299 |   0.10831 |   66.372
 0.03027 |      92.935 |   0.10954 |   66.224
 0.03048 |       92.56 |   0.11081 |   66.077
 0.03069 |      91.997 |   0.11222 |   65.932
  0.0309 |      91.503 |   0.11361 |   65.787
 0.03111 |      91.212 |   0.11487 |   65.643
 0.03157 |      90.261 |   0.11786 |   65.335
 0.03178 |      89.664 |   0.11933 |   65.195
   0.032 |      89.061 |   0.12098 |   65.056
 0.03222 |      88.448 |   0.12261 |   64.918
 0.03244 |      87.817 |   0.12422 |   64.781
 0.03267 |      87.261 |   0.12597 |   64.645
 0.03289 |      86.886 |    0.1274 |    64.51
 0.03312 |      86.421 |   0.12881 |   64.375
 0.03335 |      86.023 |   0.13026 |   64.241
 0.03358 |      85.374 |    0.1322 |   64.108
 0.03381 |      84.724 |   0.13392 |   63.975
 0.03404 |      84.193 |   0.13584 |   63.844
 0.03427 |      83.514 |   0.13772 |   63.713
 0.03451 |      82.805 |   0.13968 |   63.583
 0.03475 |      82.456 |   0.14151 |   63.453
 0.03499 |      82.182 |   0.14305 |   63.325
 0.03522 |      81.965 |   0.14429 |   63.198
 0.03546 |      81.478 |   0.14612 |   63.071
  0.0357 |      81.229 |   0.14763 |   62.945
 0.03595 |      80.834 |   0.14928 |    62.82
 0.03619 |      80.623 |   0.15082 |   62.696
 0.03644 |      80.418 |    0.1521 |   62.572
 0.03669 |       80.18 |   0.15358 |   62.449
 0.03693 |      79.889 |    0.1551 |   62.327
 0.03718 |      79.604 |   0.15661 |   62.205
 0.03742 |      79.332 |   0.15806 |   62.084
 0.03768 |      79.034 |    0.1596 |   61.963
 0.03823 |      78.397 |   0.16309 |   61.707
 0.03849 |      78.114 |   0.16468 |   61.587
 0.03874 |      77.881 |    0.1663 |   61.469
 0.03899 |      77.774 |   0.16803 |   61.351
 0.03925 |      77.558 |   0.16932 |   61.233
 0.03951 |      77.354 |   0.17087 |   61.116
 0.03977 |       77.24 |   0.17232 |     61.0
 0.04004 |      77.173 |   0.17375 |   60.884
 0.04031 |      77.121 |   0.17501 |   60.769
 0.04056 |      77.096 |   0.17646 |   60.654
 0.04083 |      76.957 |   0.17751 |   60.541
 0.04109 |      76.675 |   0.17913 |   60.428
 0.04136 |      76.554 |   0.18082 |   60.315
 0.04162 |      76.448 |   0.18231 |   60.203
 0.04189 |      76.158 |   0.18365 |   60.091
 0.04217 |      75.733 |   0.18566 |    59.98
 0.04244 |      75.472 |   0.18784 |    59.87
 0.04272 |       75.38 |   0.18955 |    59.76
  0.0433 |      75.172 |   0.19277 |   59.525
 0.04359 |      75.073 |   0.19424 |   59.415
 0.04386 |       75.08 |   0.19585 |   59.307
 0.04414 |      75.148 |   0.19697 |   59.198
 0.04442 |      75.195 |   0.19804 |    59.09
  0.0447 |      75.134 |    0.1992 |   58.983
 0.04499 |      75.043 |   0.20049 |   58.875
 0.04528 |       74.94 |   0.20194 |   58.769
 0.04558 |      74.855 |   0.20335 |   58.662
 0.04585 |      74.787 |   0.20512 |   58.556
 0.04614 |      74.595 |   0.20665 |   58.451
 0.04643 |      74.376 |   0.20833 |   58.346
  0.0467 |      74.178 |   0.21037 |   58.241
 0.04699 |      74.074 |   0.21216 |   58.137
 0.04728 |      73.976 |   0.21388 |   58.033
 0.04758 |      73.867 |   0.21526 |    57.93
 0.04786 |      73.771 |   0.21702 |   57.827
 0.04817 |      73.741 |   0.21842 |   57.725
 0.04845 |      73.705 |   0.22028 |   57.622
 0.04875 |      73.578 |   0.22151 |   57.521
 0.04905 |      73.465 |   0.22303 |   57.419
 0.04935 |      73.441 |   0.22493 |   57.318
 0.04965 |      73.429 |   0.22639 |   57.217
 0.04995 |      73.321 |   0.22777 |   57.117
 0.05025 |      73.212 |   0.22944 |   57.017
 0.05055 |      73.107 |   0.23119 |   56.917
 0.05086 |      73.021 |    0.2328 |   56.818
 0.05152 |      72.847 |   0.23643 |   56.606
 0.05183 |      72.787 |   0.23808 |   56.508
 0.05214 |      72.784 |   0.23973 |    56.41
 0.05244 |      72.768 |   0.24132 |   56.312
 0.05276 |      72.734 |   0.24265 |   56.214
 0.05306 |      72.664 |    0.2443 |   56.117
 0.05338 |      72.649 |   0.24584 |    56.02
 0.05369 |      72.573 |   0.24741 |   55.924
   0.054 |      72.572 |   0.24913 |   55.827
 0.05432 |       72.53 |   0.25056 |   55.732
 0.05464 |      72.468 |   0.25208 |   55.636
 0.05495 |      72.409 |   0.25376 |   55.541
 0.05527 |      72.377 |   0.25554 |   55.446
 0.05559 |      72.349 |   0.25712 |   55.352
 0.05592 |      72.279 |   0.25857 |   55.258
 0.05625 |      72.187 |   0.26022 |   55.164
 0.05656 |      72.102 |   0.26218 |    55.07
 0.05688 |      72.028 |   0.26405 |   54.977
 0.05758 |       71.84 |   0.26786 |   54.778
 0.05791 |      71.804 |   0.26971 |   54.685
 0.05824 |      71.814 |   0.27145 |   54.593
 0.05856 |      71.813 |   0.27309 |   54.501
 0.05889 |      71.813 |   0.27463 |   54.409
 0.05922 |      71.775 |   0.27617 |   54.317
 0.05954 |      71.717 |   0.27788 |   54.226
 0.05988 |       71.67 |   0.27954 |   54.135
 0.06022 |      71.636 |   0.28122 |   54.044
 0.06056 |      71.594 |   0.28292 |   53.954
  0.0609 |      71.534 |   0.28456 |   53.864
 0.06124 |      71.479 |   0.28641 |   53.775
 0.06157 |      71.389 |   0.28836 |   53.686
 0.06191 |      71.371 |    0.2902 |   53.598
 0.06226 |      71.411 |   0.29189 |   53.509
 0.06259 |      71.377 |    0.2935 |   53.421
 0.06292 |      71.353 |   0.29523 |   53.333
 0.06326 |      71.321 |   0.29693 |   53.246
 0.06361 |      71.289 |   0.29852 |   53.159
 0.06395 |      71.259 |   0.30022 |   53.071
  0.0643 |      71.221 |   0.30203 |   52.985
 0.06465 |      71.199 |   0.30382 |   52.898
   0.065 |      71.209 |   0.30552 |   52.812
 0.06536 |      71.188 |   0.30715 |   52.726
  0.0657 |      71.228 |   0.30884 |    52.64
 0.06605 |      71.254 |   0.31057 |   52.554
  0.0664 |       71.26 |   0.31202 |   52.469
 0.06714 |      71.119 |   0.31577 |   52.286
 0.06749 |      71.136 |   0.31772 |   52.201
 0.06785 |       71.14 |   0.31947 |   52.116
 0.06821 |      71.127 |   0.32103 |   52.032
 0.06857 |      71.125 |   0.32272 |   51.948
 0.06894 |       71.14 |   0.32439 |   51.864
 0.06929 |      71.132 |    0.3261 |    51.78
 0.06965 |      71.114 |   0.32791 |   51.696
 0.07002 |      71.079 |   0.32957 |   51.613
 0.07038 |      71.027 |   0.33136 |    51.53
 0.07073 |      71.011 |   0.33338 |   51.447
  0.0711 |      70.945 |   0.33532 |   51.364
 0.07148 |      70.904 |   0.33703 |   51.282
 0.07185 |      70.889 |     0.339 |   51.199
 0.07221 |      70.894 |   0.34101 |   51.117
 0.07258 |      70.883 |   0.34287 |   51.036
 0.07294 |      70.857 |   0.34459 |   50.954
 0.07331 |      70.849 |   0.34647 |   50.873
 0.07412 |      70.816 |   0.35031 |   50.699
 0.07449 |      70.796 |   0.35221 |   50.618
 0.07487 |      70.786 |    0.3541 |   50.537
 0.07525 |      70.806 |    0.3559 |   50.457
 0.07562 |      70.851 |   0.35771 |   50.377
 0.07599 |      70.838 |   0.35948 |   50.297
 0.07639 |      70.901 |   0.36106 |   50.217
 0.07676 |      70.931 |   0.36266 |   50.137
 0.07714 |      70.911 |    0.3644 |   50.058
 0.07752 |        70.9 |   0.36609 |   49.978
  0.0779 |      70.894 |   0.36798 |   49.899
 0.07828 |      70.869 |   0.36984 |   49.821
 0.07866 |      70.841 |   0.37175 |   49.742
 0.07906 |      70.842 |   0.37366 |   49.664
 0.07944 |      70.851 |   0.37549 |   49.586
 0.07982 |      70.761 |   0.37747 |   49.508
 0.08021 |      70.678 |   0.37939 |    49.43
  0.0806 |      70.625 |   0.38165 |   49.353
   0.081 |       70.62 |    0.3839 |   49.276
 0.08139 |      70.666 |   0.38591 |   49.199
 0.08178 |      70.645 |   0.38784 |   49.122
 0.08217 |      70.563 |   0.38953 |   49.046
 0.08259 |      70.526 |   0.39155 |   48.969
 0.08297 |      70.521 |   0.39363 |   48.893
  0.0834 |      70.526 |   0.39599 |   48.817
 0.08379 |      70.554 |   0.39749 |   48.742
 0.08418 |      70.496 |   0.39963 |   48.666
 0.08504 |      70.508 |   0.40399 |   48.505
 0.08544 |      70.506 |   0.40587 |    48.43
 0.08585 |      70.518 |   0.40775 |   48.355
 0.08627 |      70.497 |   0.40959 |    48.28
 0.08666 |      70.465 |   0.41137 |   48.205
 0.08707 |      70.471 |    0.4137 |   48.131
 0.08749 |      70.506 |   0.41568 |   48.057
 0.08789 |      70.493 |   0.41748 |   47.983
  0.0883 |       70.44 |   0.41944 |   47.909
  0.0887 |      70.414 |    0.4214 |   47.835
 0.08913 |      70.419 |   0.42377 |   47.761
 0.08953 |      70.429 |    0.4256 |   47.688
 0.08995 |      70.448 |   0.42783 |   47.615
 0.09037 |      70.476 |   0.42963 |   47.542
 0.09078 |      70.522 |   0.43145 |   47.469
 0.09119 |      70.547 |   0.43337 |   47.396
 0.09162 |      70.542 |   0.43511 |   47.324
 0.09203 |       70.48 |   0.43677 |   47.251
 0.09292 |      70.337 |   0.44155 |   47.098
 0.09335 |      70.334 |   0.44396 |   47.026
 0.09377 |      70.357 |   0.44634 |   46.955
 0.09421 |      70.384 |   0.44852 |   46.883
 0.09462 |      70.382 |    0.4503 |   46.811
 0.09506 |      70.409 |   0.45238 |    46.74
 0.09547 |      70.443 |   0.45424 |   46.669
  0.0959 |      70.399 |   0.45631 |   46.598
 0.09635 |      70.367 |   0.45808 |   46.527
 0.09676 |      70.378 |   0.46014 |   46.456
  0.0972 |      70.368 |   0.46265 |   46.386
 0.09763 |       70.39 |   0.46457 |   46.316
 0.09807 |      70.433 |   0.46667 |   46.246
 0.09849 |      70.446 |   0.46859 |   46.176
 0.09893 |      70.452 |   0.47053 |   46.107
 0.09934 |       70.44 |   0.47237 |   46.038
  0.0998 |      70.457 |   0.47458 |   45.968
 0.10023 |      70.457 |   0.47644 |   45.899
 0.10066 |      70.442 |   0.47852 |    45.83
 0.10111 |      70.418 |    0.4807 |   45.761
 0.10154 |      70.361 |   0.48277 |   45.692
 0.10198 |      70.356 |   0.48506 |   45.623
 0.10242 |      70.374 |   0.48762 |   45.554
 0.10284 |      70.381 |   0.48988 |   45.485
 0.10328 |      70.393 |   0.49204 |   45.417
 0.10373 |      70.409 |   0.49398 |   45.348
 0.10419 |      70.424 |   0.49603 |    45.28
 0.10514 |      70.421 |   0.50035 |   45.135
 0.10559 |      70.391 |   0.50251 |   45.067
 0.10604 |      70.352 |   0.50463 |     45.0
 0.10649 |      70.358 |   0.50694 |   44.933
 0.10693 |      70.369 |   0.50937 |   44.866
 0.10739 |      70.381 |   0.51167 |   44.799
 0.10784 |      70.393 |   0.51369 |   44.732
 0.10832 |      70.394 |   0.51572 |   44.665
 0.10878 |      70.417 |   0.51772 |   44.599
 0.10923 |      70.451 |   0.51992 |   44.532
 0.10969 |      70.465 |   0.52211 |   44.466
 0.11014 |      70.472 |   0.52407 |     44.4
 0.11059 |      70.499 |   0.52614 |   44.334
 0.11105 |      70.486 |   0.52832 |   44.268
 0.11152 |      70.469 |   0.53034 |   44.202
 0.11198 |      70.449 |   0.53243 |   44.137
 0.11242 |      70.409 |   0.53479 |   44.071
 0.11289 |       70.42 |   0.53732 |   44.006
  0.1139 |      70.426 |   0.54211 |   43.868
 0.11437 |      70.436 |   0.54434 |   43.803
 0.11482 |      70.454 |   0.54659 |   43.738
 0.11529 |      70.472 |   0.54889 |   43.674
 0.11574 |      70.471 |   0.55103 |   43.609
 0.11621 |      70.441 |   0.55317 |   43.545
 0.11669 |      70.451 |   0.55537 |    43.48
 0.11716 |      70.405 |   0.55767 |   43.416
 0.11764 |      70.422 |   0.55999 |   43.352
 0.11812 |      70.422 |   0.56246 |   43.288
  0.1186 |      70.401 |   0.56475 |   43.225
 0.11907 |      70.411 |   0.56701 |   43.161
 0.11954 |       70.38 |   0.56949 |   43.097
 0.12002 |      70.357 |   0.57187 |   43.034
 0.12049 |       70.36 |   0.57428 |    42.97
 0.12098 |      70.382 |   0.57675 |   42.907
 0.12144 |      70.404 |   0.57909 |   42.844
 0.12194 |      70.405 |   0.58147 |   42.781
  0.1224 |      70.399 |   0.58351 |   42.718
 0.12288 |      70.382 |   0.58583 |   42.655
 0.12339 |      70.351 |    0.5882 |   42.593
 0.12388 |      70.362 |   0.59036 |    42.53
 0.12438 |      70.384 |   0.59298 |   42.468
 0.12485 |      70.392 |   0.59542 |   42.406
 0.12534 |      70.408 |   0.59773 |   42.344
 0.12583 |      70.418 |       0.6 |   42.282
 0.12632 |      70.407 |   0.60216 |   42.221
 0.12739 |      70.397 |   0.60748 |   42.084
 0.12789 |      70.391 |   0.60986 |   42.023
 0.12837 |      70.407 |   0.61218 |   41.962
 0.12887 |      70.427 |   0.61461 |   41.902
 0.12937 |      70.408 |   0.61689 |   41.841
 0.12986 |      70.426 |   0.61896 |   41.781
 0.13037 |      70.457 |   0.62147 |   41.721
 0.13088 |      70.425 |   0.62385 |    41.66
 0.13137 |       70.43 |    0.6259 |     41.6
 0.13187 |      70.431 |   0.62838 |    41.54
 0.13238 |      70.455 |   0.63101 |    41.48
 0.13288 |      70.463 |   0.63334 |    41.42
 0.13338 |      70.447 |   0.63563 |    41.36
 0.13387 |       70.44 |   0.63801 |     41.3
 0.13437 |      70.413 |    0.6406 |    41.24
 0.13488 |      70.395 |   0.64314 |    41.18
 0.13541 |      70.373 |    0.6457 |    41.12
 0.13592 |      70.373 |   0.64822 |   41.061
 0.13702 |      70.393 |   0.65383 |   40.934
 0.13753 |       70.39 |   0.65628 |   40.874
 0.13803 |      70.391 |   0.65864 |   40.815
 0.13857 |      70.419 |   0.66117 |   40.756
 0.13908 |       70.43 |   0.66359 |   40.698
 0.13962 |      70.441 |   0.66591 |   40.639
 0.14014 |      70.476 |    0.6682 |    40.58
 0.14065 |      70.494 |   0.67048 |   40.522
 0.14116 |      70.484 |   0.67291 |   40.463
  0.1417 |      70.467 |   0.67528 |   40.405
 0.14221 |      70.489 |   0.67766 |   40.347
 0.14273 |      70.501 |   0.68026 |   40.289
 0.14324 |      70.491 |   0.68285 |   40.231
 0.14378 |      70.505 |   0.68519 |   40.173
 0.14429 |      70.508 |   0.68763 |   40.115
 0.14483 |      70.509 |   0.69022 |   40.057
 0.14533 |      70.496 |   0.69269 |     40.0
 0.14586 |      70.502 |   0.69518 |   39.942
 0.14639 |       70.52 |   0.69787 |   39.885
 0.14694 |      70.514 |   0.70038 |   39.828
 0.14746 |      70.541 |   0.70263 |   39.771
 0.14799 |      70.568 |   0.70516 |   39.714
 0.14853 |      70.628 |   0.70781 |   39.657
 0.14907 |      70.633 |   0.70999 |     39.6
 0.14959 |       70.65 |   0.71206 |   39.544
 0.15015 |      70.637 |   0.71436 |   39.487
 0.15068 |      70.618 |   0.71674 |   39.431
 0.15182 |      70.595 |   0.72293 |   39.305
 0.15237 |      70.586 |   0.72564 |   39.249
 0.15292 |      70.583 |   0.72815 |   39.194
 0.15346 |       70.61 |    0.7307 |   39.138
   0.154 |      70.629 |   0.73336 |   39.083
 0.15456 |      70.581 |   0.73601 |   39.027
  0.1551 |      70.547 |   0.73825 |   38.972
 0.15564 |      70.536 |   0.74089 |   38.917
 0.15618 |      70.531 |   0.74404 |   38.862
 0.15675 |      70.507 |   0.74694 |   38.807
 0.15728 |      70.529 |   0.74961 |   38.751
 0.15785 |      70.551 |   0.75242 |   38.696
 0.15841 |      70.556 |   0.75528 |   38.641
 0.15894 |      70.553 |   0.75749 |   38.586
  0.1595 |      70.565 |   0.76017 |   38.531
 0.16003 |      70.573 |   0.76288 |   38.476
 0.16059 |      70.556 |   0.76547 |   38.421
 0.16116 |      70.545 |   0.76808 |   38.366
 0.16236 |      70.563 |   0.77394 |   38.249
 0.16293 |      70.604 |   0.77668 |   38.194
 0.16348 |      70.626 |   0.77924 |    38.14
 0.16403 |      70.631 |   0.78179 |   38.085
 0.16461 |      70.652 |   0.78422 |   38.031
 0.16516 |      70.666 |    0.7867 |   37.977
 0.16572 |      70.657 |   0.78919 |   37.923
  0.1663 |       70.61 |   0.79183 |   37.869
 0.16687 |      70.571 |   0.79446 |   37.815
 0.16743 |      70.566 |   0.79736 |   37.761
   0.168 |      70.579 |   0.80076 |   37.707
 0.16856 |      70.621 |   0.80378 |   37.654
 0.16916 |      70.664 |   0.80649 |     37.6
 0.16971 |      70.687 |    0.8089 |   37.547
 0.17031 |      70.705 |   0.81115 |   37.494
 0.17088 |       70.72 |   0.81358 |   37.441
 0.17144 |      70.719 |   0.81589 |   37.388
 0.17199 |      70.714 |   0.81861 |   37.335
  0.1726 |      70.717 |   0.82143 |   37.282
 0.17319 |      70.725 |   0.82413 |   37.229
 0.17375 |      70.719 |   0.82674 |   37.176
 0.17434 |      70.718 |   0.82959 |   37.123
 0.17491 |      70.732 |   0.83244 |   37.071
  0.1755 |      70.745 |   0.83522 |   37.018
  0.1761 |      70.791 |     0.838 |   36.966
 0.17665 |      70.778 |   0.84054 |   36.913
 0.17725 |      70.804 |   0.84319 |   36.861
 0.17848 |      70.832 |    0.8489 |   36.748
 0.17909 |      70.818 |   0.85154 |   36.696
 0.17968 |      70.797 |   0.85407 |   36.645
 0.18026 |      70.795 |   0.85678 |   36.593
 0.18083 |      70.796 |   0.85978 |   36.542
 0.18142 |        70.8 |   0.86294 |    36.49
 0.18201 |      70.826 |   0.86591 |   36.439
 0.18261 |      70.868 |   0.86853 |   36.388
 0.18321 |      70.898 |   0.87118 |   36.337
 0.18378 |      70.894 |   0.87369 |   36.286
 0.18438 |      70.885 |   0.87609 |   36.234
 0.18502 |      70.875 |   0.87878 |   36.183
 0.18562 |      70.821 |   0.88157 |   36.132
 0.18621 |      70.807 |   0.88441 |   36.081
 0.18682 |      70.821 |   0.88768 |    36.03
 0.18738 |      70.853 |   0.89135 |   35.979
   0.188 |      70.873 |   0.89429 |   35.928
 0.18859 |      70.882 |   0.89713 |   35.878
 0.18986 |      70.899 |    0.9025 |   35.771
 0.19046 |      70.911 |   0.90531 |    35.72
 0.19106 |      70.926 |    0.9081 |    35.67
 0.19166 |      70.955 |   0.91095 |   35.619
 0.19229 |      70.982 |    0.9137 |   35.569
  0.1929 |      71.012 |   0.91633 |   35.518
 0.19351 |      71.041 |    0.9188 |   35.468
 0.19412 |      71.069 |   0.92148 |   35.418
 0.19474 |      71.095 |   0.92407 |   35.368
 0.19536 |       71.13 |   0.92663 |   35.318
 0.19595 |      71.136 |    0.9292 |   35.268
 0.19657 |      71.113 |   0.93179 |   35.218
 0.19719 |      71.104 |   0.93445 |   35.169
 0.19782 |      71.097 |   0.93731 |   35.119
 0.19842 |      71.116 |   0.93896 |    35.07
 0.19902 |      71.105 |   0.93711 |    35.02
 0.19962 |      71.125 |   0.94023 |   34.971
 0.20023 |      71.156 |   0.94303 |   34.922
 0.20087 |      71.153 |   0.94601 |   34.872
 0.20148 |       71.18 |   0.94857 |   34.823
 0.20212 |      71.185 |   0.95108 |   34.774
 0.20271 |      71.156 |   0.95406 |   34.725
 0.20335 |       71.14 |    0.9567 |   34.676
 0.20397 |      71.156 |   0.95996 |   34.627
 0.20457 |      71.166 |   0.96302 |   34.579
 0.20519 |       71.18 |   0.96631 |    34.53
 0.20585 |      71.217 |   0.96925 |   34.481
 0.20717 |       71.15 |   0.97497 |   34.376
  0.2078 |      71.162 |   0.97807 |   34.328
 0.20844 |      71.178 |   0.98149 |   34.279
 0.20908 |      71.222 |   0.98468 |   34.231
 0.20969 |      71.232 |   0.98747 |   34.183
 0.21034 |      71.267 |    0.9902 |   34.135
 0.21098 |      71.306 |   0.99274 |   34.087
  0.2116 |      71.301 |   0.99538 |   34.039
 0.21222 |      71.264 |   0.99786 |   33.991
 0.21287 |      71.256 |    1.0007 |   33.943
  0.2135 |      71.287 |     1.004 |   33.895
 0.21415 |      71.301 |    1.0072 |   33.848
 0.21475 |      71.302 |    1.0104 |     33.8
 0.21545 |      71.329 |    1.0129 |   33.753
 0.21608 |      71.381 |     1.016 |   33.705
 0.21675 |      71.416 |    1.0185 |   33.658
 0.21739 |      71.408 |    1.0213 |   33.611
 0.21806 |      71.395 |    1.0234 |   33.564
 0.21941 |      71.391 |    1.0301 |   33.461
 0.22006 |        71.4 |    1.0335 |   33.414
 0.22075 |      71.408 |    1.0366 |   33.367
 0.22137 |      71.405 |    1.0396 |    33.32
 0.22202 |      71.411 |    1.0424 |   33.273
 0.22268 |      71.421 |    1.0458 |   33.226
 0.22334 |       71.44 |    1.0487 |    33.18
 0.22397 |      71.431 |    1.0517 |   33.133
 0.22464 |      71.463 |    1.0547 |   33.086
 0.22527 |      71.492 |    1.0577 |    33.04
 0.22594 |      71.506 |    1.0607 |   32.993
 0.22661 |      71.507 |    1.0635 |   32.946
 0.22722 |      71.499 |     1.066 |     32.9
  0.2279 |      71.496 |     1.069 |   32.853
 0.22858 |      71.502 |    1.0726 |   32.806
 0.22926 |      71.508 |    1.0755 |    32.76
 0.22988 |       71.51 |    1.0786 |   32.714
 0.23056 |      71.516 |    1.0818 |   32.667
 0.23125 |      71.538 |    1.0852 |   32.621
 0.23188 |       71.59 |     1.088 |   32.575
 0.23254 |      71.613 |    1.0909 |    32.53
  0.2332 |      71.652 |     1.094 |   32.484
 0.23387 |       71.67 |    1.0961 |   32.439
 0.23457 |      71.677 |    1.0988 |   32.393
 0.23524 |      71.687 |    1.1014 |   32.348
 0.23591 |      71.693 |     1.104 |   32.303
 0.23659 |      71.693 |    1.1072 |   32.258
 0.23802 |      71.702 |    1.1139 |   32.161
  0.2387 |      71.719 |    1.1171 |   32.116
 0.23935 |      71.757 |    1.1202 |   32.071
 0.24004 |      71.774 |    1.1233 |   32.026
 0.24069 |      71.782 |    1.1263 |   31.981
 0.24138 |      71.775 |    1.1288 |   31.935
 0.24204 |      71.804 |    1.1319 |    31.89
  0.2427 |      71.819 |    1.1349 |   31.845
 0.24341 |       71.84 |    1.1382 |   31.801
 0.24407 |      71.856 |     1.141 |   31.756
 0.24474 |      71.866 |    1.1438 |   31.711
 0.24541 |      71.887 |    1.1468 |   31.666
 0.24612 |      71.913 |    1.1499 |   31.621
  0.2468 |      71.926 |    1.1528 |   31.577
 0.24748 |      71.952 |    1.1555 |   31.532
 0.24816 |       71.96 |    1.1585 |   31.488
 0.24884 |      71.967 |    1.1616 |   31.443
 0.24952 |      71.964 |    1.1644 |   31.399
 0.25098 |      71.979 |    1.1711 |   31.304
 0.25171 |      71.998 |    1.1745 |    31.26
 0.25241 |      72.022 |    1.1775 |   31.215
 0.25307 |      72.043 |    1.1805 |   31.171
 0.25377 |      72.067 |    1.1836 |   31.127
 0.25443 |      72.084 |    1.1868 |   31.083
 0.25514 |      72.089 |    1.1895 |   31.039
 0.25585 |      72.104 |    1.1925 |   30.995
 0.25652 |      72.113 |    1.1953 |   30.952
 0.25723 |      72.085 |    1.1984 |   30.908
 0.25791 |      72.098 |    1.2018 |   30.864
 0.25863 |      72.091 |    1.2048 |    30.82
 0.25931 |      72.096 |    1.2089 |   30.776
 0.25999 |      72.081 |    1.2118 |   30.732
 0.26072 |      72.084 |    1.2155 |   30.688
 0.26141 |      72.092 |    1.2188 |   30.645
 0.26214 |      72.103 |    1.2222 |   30.601
 0.26287 |      72.135 |    1.2256 |   30.558
 0.26353 |      72.152 |    1.2287 |   30.514
 0.26427 |      72.147 |    1.2317 |   30.471
 0.26497 |      72.181 |     1.235 |   30.428
 0.26563 |      72.191 |    1.2375 |   30.386
 0.26638 |      72.203 |     1.241 |   30.343
 0.26709 |      72.216 |    1.2441 |     30.3
 0.26784 |      72.242 |    1.2468 |   30.257
 0.26856 |      72.266 |    1.2501 |   30.215
 0.26927 |      72.276 |    1.2529 |   30.172
 0.27076 |      72.272 |    1.2595 |   30.081
 0.27148 |      72.288 |     1.263 |   30.038
 0.27221 |      72.312 |    1.2663 |   29.995
  0.2729 |      72.336 |    1.2696 |   29.953
 0.27363 |      72.356 |    1.2728 |    29.91
 0.27432 |      72.372 |    1.2759 |   29.868
 0.27506 |      72.408 |    1.2786 |   29.825
 0.27575 |      72.427 |    1.2818 |   29.783
  0.2765 |      72.432 |    1.2846 |   29.741
 0.27724 |      72.449 |    1.2876 |   29.698
 0.27799 |      72.485 |    1.2905 |   29.656
  0.2787 |      72.526 |    1.2937 |   29.614
 0.27945 |      72.552 |    1.2967 |   29.572
 0.28016 |      72.576 |    1.2998 |    29.53
 0.28088 |      72.602 |    1.3021 |   29.488
 0.28159 |      72.612 |    1.3053 |   29.446
 0.28231 |       72.62 |    1.3082 |   29.405
 0.28303 |      72.641 |    1.3111 |   29.363
 0.28462 |       72.67 |    1.3181 |   29.273
 0.28535 |      72.683 |    1.3211 |   29.231
 0.28604 |      72.682 |    1.3243 |    29.19
 0.28682 |      72.692 |    1.3276 |   29.148
 0.28751 |      72.702 |    1.3312 |   29.106
 0.28825 |      72.727 |    1.3342 |   29.064
 0.28899 |      72.747 |    1.3378 |   29.023
 0.28974 |      72.749 |    1.3409 |   28.981
 0.29049 |      72.732 |    1.3438 |    28.94
 0.29124 |      72.694 |     1.347 |   28.898
 0.29199 |      72.705 |    1.3505 |   28.857
 0.29275 |      72.729 |    1.3544 |   28.816
 0.29346 |      72.749 |    1.3586 |   28.774
 0.29422 |      72.771 |     1.362 |   28.733
 0.29494 |      72.789 |    1.3652 |   28.692
  0.2957 |      72.814 |     1.368 |   28.651
 0.29647 |      72.853 |    1.3714 |    28.61
  0.2972 |      72.893 |    1.3742 |   28.569
 0.29792 |      72.897 |    1.3771 |   28.528
  0.2987 |      72.888 |    1.3802 |   28.487
 0.29943 |        72.9 |    1.3829 |   28.446
 0.30022 |      72.934 |    1.3861 |   28.406
 0.30095 |      72.984 |      1.39 |   28.365
 0.30174 |      73.001 |     1.393 |   28.324
 0.30248 |      73.004 |     1.396 |   28.284
 0.30323 |      72.995 |    1.3983 |   28.243
 0.30393 |      73.015 |    1.4018 |   28.203
 0.30558 |      73.049 |    1.4097 |   28.116
 0.30633 |      73.082 |    1.4125 |   28.076
 0.30709 |      73.086 |    1.4157 |   28.036
  0.3079 |      73.099 |     1.419 |   27.995
 0.30867 |      73.124 |     1.422 |   27.955
 0.30938 |      73.125 |    1.4251 |   27.915
  0.3101 |      73.132 |    1.4286 |   27.875
 0.31087 |      73.157 |    1.4321 |   27.835
 0.31164 |      73.183 |    1.4358 |   27.794
 0.31242 |      73.188 |    1.4388 |   27.754
  0.3132 |       73.21 |    1.4418 |   27.714
 0.31388 |      73.243 |    1.4449 |   27.674
 0.31471 |       73.25 |    1.4483 |   27.635
 0.31545 |      73.258 |    1.4519 |   27.595
 0.31624 |      73.266 |    1.4542 |   27.555
 0.31698 |      73.294 |    1.4581 |   27.515
 0.31772 |      73.324 |    1.4613 |   27.475
 0.31852 |      73.339 |    1.4649 |   27.436
 0.32012 |      73.374 |    1.4714 |   27.349
 0.32087 |       73.37 |    1.4749 |   27.309
 0.32168 |      73.368 |    1.4781 |    27.27
  0.3225 |      73.389 |    1.4814 |   27.231
 0.32326 |      73.415 |    1.4848 |   27.192
 0.32402 |      73.418 |    1.4883 |   27.153
 0.32484 |       73.41 |    1.4917 |   27.114
 0.32561 |      73.424 |    1.4949 |   27.075
 0.32638 |      73.434 |    1.4983 |   27.036
 0.32721 |      73.443 |    1.5023 |   26.997
 0.32799 |      73.466 |    1.5056 |   26.958
 0.32876 |      73.502 |    1.5089 |   26.919
 0.32955 |      73.534 |    1.5125 |    26.88
 0.33033 |      73.555 |    1.5157 |   26.841
 0.33112 |      73.562 |    1.5185 |   26.802
 0.33191 |      73.591 |    1.5216 |   26.762
  0.3327 |      73.605 |    1.5249 |   26.723
  0.3335 |      73.616 |    1.5282 |   26.685
 0.33435 |      73.638 |    1.5313 |   26.646
 0.33515 |      73.669 |    1.5347 |   26.607
  0.3359 |      73.689 |    1.5378 |   26.568
 0.33671 |      73.701 |    1.5412 |    26.53
 0.33752 |       73.71 |    1.5446 |   26.491
 0.33833 |      73.714 |    1.5475 |   26.453
 0.33908 |      73.697 |     1.551 |   26.414
 0.33996 |      73.689 |    1.5545 |   26.376
 0.34072 |      73.741 |    1.5584 |   26.338
 0.34237 |      73.805 |    1.5668 |   26.255
 0.34352 |      73.834 |    1.5708 |   26.198
 0.34516 |      73.883 |    1.5769 |   26.121
 0.34679 |      73.913 |    1.5832 |   26.045
 0.34842 |      73.916 |    1.5899 |   25.968
 0.34924 |      73.926 |    1.5934 |    25.93
 0.35087 |      73.956 |    1.6009 |   25.854
 0.35249 |      73.993 |    1.6078 |   25.779
 0.35411 |      74.027 |    1.6146 |   25.703
 0.35572 |      74.063 |    1.6214 |   25.627
 0.35791 |      74.127 |    1.6305 |   25.525
 0.35872 |      74.149 |    1.6338 |   25.487
 0.35952 |      74.183 |     1.637 |    25.45
 0.36032 |      74.213 |    1.6402 |   25.413
 0.36112 |      74.238 |    1.6432 |   25.376
 0.36204 |      74.249 |    1.6462 |   25.339
 0.36284 |      74.249 |    1.6492 |   25.302
 0.36364 |      74.276 |    1.6519 |   25.265
 0.36444 |        74.3 |     1.656 |   25.228
 0.36524 |      74.319 |    1.6598 |   25.191
 0.36603 |      74.326 |     1.663 |   25.154
 0.36694 |      74.341 |    1.6662 |   25.117
 0.36774 |      74.368 |    1.6697 |   25.079
 0.36853 |       74.39 |    1.6729 |   25.042
 0.36932 |      74.416 |    1.6768 |   25.005
 0.37012 |      74.456 |      1.68 |   24.968
 0.37102 |      74.481 |    1.6833 |   24.931
 0.37181 |      74.502 |    1.6862 |   24.893
 0.37271 |      74.531 |    1.6888 |   24.856
  0.3735 |      74.556 |    1.6923 |    24.82
 0.37429 |      74.582 |    1.6953 |   24.783
 0.37519 |        74.6 |    1.6989 |   24.746
 0.37598 |      74.628 |     1.702 |   24.709
 0.37676 |      74.652 |    1.7049 |   24.672
 0.37766 |      74.675 |    1.7087 |   24.636
 0.37855 |      74.704 |    1.7117 |   24.599
 0.37934 |      74.717 |    1.7144 |   24.563
 0.38112 |      74.735 |     1.722 |   24.484
 0.38201 |      74.764 |    1.7255 |   24.447
 0.38279 |      74.781 |    1.7289 |   24.411
 0.38368 |      74.799 |    1.7325 |   24.374
 0.38446 |      74.811 |    1.7361 |   24.338
 0.38535 |      74.817 |    1.7393 |   24.301
 0.38624 |      74.842 |     1.743 |   24.265
 0.38712 |       74.88 |    1.7462 |   24.229
  0.3879 |      74.898 |    1.7498 |   24.192
 0.38878 |      74.912 |    1.7531 |   24.156
 0.38966 |      74.947 |    1.7566 |    24.12
 0.39054 |      74.957 |    1.7596 |   24.083
 0.39142 |      74.953 |     1.763 |   24.047
 0.39219 |      74.984 |    1.7661 |   24.011
 0.39307 |      75.011 |    1.7699 |   23.975
 0.39395 |      75.038 |    1.7744 |   23.939
 0.39482 |      75.052 |    1.7769 |   23.903
 0.39559 |      75.072 |    1.7802 |   23.866
 0.39744 |      75.115 |    1.7882 |   23.787
 0.39831 |      75.119 |    1.7911 |   23.752
 0.39919 |       75.13 |    1.7945 |   23.716
 0.39995 |      75.151 |    1.7979 |   23.681
 0.40082 |      75.175 |    1.8018 |   23.645
 0.40168 |      75.204 |    1.8057 |    23.61
 0.40255 |      75.227 |    1.8086 |   23.574
 0.40342 |      75.251 |    1.8117 |   23.539
 0.40428 |       75.28 |    1.8149 |   23.504
 0.40504 |      75.293 |    1.8183 |   23.468
  0.4059 |      75.298 |    1.8217 |   23.432
 0.40676 |      75.289 |    1.8253 |   23.397
 0.40773 |      75.298 |    1.8288 |   23.361
 0.40859 |        75.3 |    1.8326 |   23.325
 0.40945 |      75.294 |    1.8363 |    23.29
 0.41031 |      75.303 |    1.8406 |   23.254
 0.41117 |      75.306 |    1.8447 |   23.219
 0.41202 |      75.294 |    1.8489 |   23.183
 0.41298 |      75.307 |    1.8527 |   23.148
 0.41373 |      75.303 |    1.8566 |   23.113
 0.41469 |      75.322 |    1.8607 |   23.077
 0.41554 |      75.351 |     1.865 |   23.042
 0.41639 |      75.357 |    1.8683 |   23.007
 0.41724 |      75.377 |    1.8721 |   22.972
  0.4182 |      75.406 |    1.8755 |   22.937
 0.41904 |      75.441 |    1.8791 |   22.902
 0.41989 |      75.471 |    1.8822 |   22.867
 0.42179 |      75.509 |    1.8891 |   22.793
 0.42263 |      75.529 |    1.8923 |   22.758
 0.42358 |      75.552 |     1.896 |   22.723
 0.42442 |      75.586 |    1.8995 |   22.688
 0.42526 |      75.609 |    1.9027 |   22.653
 0.42621 |      75.632 |    1.9064 |   22.618
 0.42705 |      75.661 |    1.9094 |   22.584
 0.42788 |      75.678 |    1.9126 |   22.549
 0.42882 |      75.705 |    1.9163 |   22.514
 0.42976 |      75.743 |    1.9195 |   22.479
  0.4306 |      75.774 |    1.9226 |   22.444
 0.43143 |      75.799 |    1.9259 |    22.41
 0.43226 |      75.828 |    1.9294 |   22.375
  0.4332 |      75.857 |    1.9326 |    22.34
 0.43413 |      75.848 |    1.9357 |   22.305
 0.43506 |      75.862 |    1.9386 |   22.271
 0.43599 |      75.886 |    1.9424 |   22.236
 0.43682 |      75.895 |    1.9465 |   22.201
 0.43878 |      75.927 |    1.9547 |   22.126
 0.43971 |      75.965 |    1.9582 |   22.092
 0.44063 |      75.991 |    1.9617 |   22.058
 0.44145 |      76.019 |     1.965 |   22.024
 0.44238 |      76.045 |    1.9683 |    21.99
  0.4433 |       76.07 |    1.9718 |   21.956
 0.44422 |      76.097 |    1.9747 |   21.922
 0.44514 |      76.125 |     1.978 |   21.888
 0.44595 |       76.15 |    1.9813 |   21.854
 0.44687 |      76.164 |    1.9847 |    21.82
 0.44779 |      76.188 |    1.9883 |   21.786
  0.4487 |      76.209 |    1.9915 |   21.752
 0.44962 |      76.228 |    1.9951 |   21.717
 0.45053 |      76.251 |    1.9986 |   21.683
 0.45144 |      76.278 |    2.0021 |   21.649
 0.45225 |        76.3 |    2.0056 |   21.615
 0.45316 |       76.32 |    2.0092 |   21.581
 0.45417 |      76.347 |    2.0127 |   21.547
 0.45507 |      76.371 |    2.0157 |   21.513
 0.45598 |      76.399 |     2.019 |   21.479
 0.45688 |      76.429 |    2.0226 |   21.446
 0.45779 |      76.436 |     2.026 |   21.412
 0.45869 |      76.457 |    2.0293 |   21.378
 0.45959 |      76.495 |    2.0329 |   21.344
 0.46049 |      76.517 |    2.0365 |   21.311
 0.46149 |      76.518 |    2.0399 |   21.277
 0.46238 |      76.523 |    2.0428 |   21.244
 0.46437 |       76.54 |    2.0514 |   21.172
 0.46527 |      76.543 |    2.0554 |   21.138
 0.46616 |      76.555 |    2.0594 |   21.105
 0.46705 |      76.571 |    2.0635 |   21.071
 0.46804 |       76.59 |    2.0675 |   21.038
 0.46893 |      76.601 |     2.071 |   21.005
 0.46982 |      76.604 |    2.0746 |   20.971
  0.4708 |      76.629 |    2.0786 |   20.938
 0.47178 |      76.638 |    2.0824 |   20.905
 0.47267 |      76.662 |    2.0859 |   20.871
 0.47365 |      76.681 |    2.0897 |   20.838
 0.47453 |      76.695 |    2.0936 |   20.805
 0.47551 |      76.699 |    2.0971 |   20.771
 0.47639 |      76.709 |     2.101 |   20.738
 0.47727 |      76.732 |    2.1047 |   20.705
 0.47824 |       76.77 |    2.1091 |   20.671
 0.47912 |        76.8 |    2.1127 |   20.638
 0.48009 |      76.809 |    2.1158 |   20.605
 0.48203 |      76.864 |    2.1233 |   20.532
   0.483 |      76.884 |    2.1269 |   20.499
 0.48396 |      76.925 |    2.1301 |   20.467
 0.48483 |      76.939 |    2.1335 |   20.434
 0.48579 |      76.959 |    2.1369 |   20.401
 0.48666 |      76.993 |    2.1403 |   20.369
 0.48762 |      77.016 |    2.1439 |   20.336
 0.48858 |      77.031 |    2.1472 |   20.304
 0.48954 |      77.053 |    2.1503 |   20.271
  0.4905 |      77.081 |    2.1539 |   20.238
 0.49145 |      77.094 |    2.1575 |   20.206
 0.49241 |      77.115 |    2.1611 |   20.173
 0.49326 |      77.136 |    2.1647 |    20.14
 0.49422 |      77.138 |    2.1686 |   20.107
 0.49526 |       77.15 |    2.1724 |   20.074
 0.49621 |       77.16 |    2.1758 |   20.042
 0.49716 |      77.175 |    2.1798 |   20.009
 0.49811 |      77.185 |     2.184 |   19.976
 0.49905 |      77.188 |    2.1879 |   19.944
 0.49999 |      77.203 |    2.1919 |   19.911
 0.50094 |      77.224 |    2.1959 |   19.879
 0.50197 |       77.24 |    2.1999 |   19.846
 0.50291 |      77.264 |    2.2034 |   19.814
 0.50385 |      77.282 |     2.207 |   19.782
 0.50479 |        77.3 |     2.211 |   19.749
 0.50572 |      77.333 |    2.2146 |   19.717
 0.50666 |      77.341 |    2.2182 |   19.685
 0.50871 |      77.362 |    2.2258 |   19.616
 0.50964 |      77.387 |    2.2298 |   19.584
 0.51057 |      77.409 |    2.2339 |   19.551
 0.51159 |      77.417 |    2.2376 |   19.519
 0.51252 |      77.424 |     2.241 |   19.487
 0.51353 |      77.443 |    2.2448 |   19.455
 0.51446 |      77.448 |    2.2489 |   19.423
 0.51538 |      77.464 |    2.2528 |   19.391
  0.5163 |      77.471 |    2.2569 |   19.359
 0.51722 |      77.517 |     2.261 |   19.327
 0.51823 |      77.524 |    2.2649 |   19.295
 0.51924 |      77.532 |     2.268 |   19.263
 0.52016 |      77.538 |    2.2714 |   19.231
 0.52116 |      77.559 |    2.2758 |   19.199
 0.52207 |      77.588 |    2.2799 |   19.167
 0.52308 |      77.611 |    2.2838 |   19.135
 0.52408 |      77.639 |    2.2872 |   19.103
 0.52499 |      77.673 |    2.2905 |   19.071
 0.52708 |      77.737 |     2.298 |   19.001
 0.52807 |      77.755 |    2.3012 |   18.969
 0.52907 |      77.744 |    2.3044 |   18.938
 0.53006 |       77.75 |     2.308 |   18.907
 0.53105 |      77.759 |    2.3125 |   18.875
 0.53204 |      77.792 |    2.3168 |   18.844
 0.53303 |      77.813 |    2.3208 |   18.813
  0.5341 |      77.843 |    2.3244 |   18.781
 0.53509 |       77.87 |    2.3276 |    18.75
 0.53598 |      77.892 |    2.3311 |   18.719
 0.53697 |      77.919 |     2.335 |   18.687
 0.53804 |      77.946 |    2.3386 |   18.655
 0.53893 |      77.962 |    2.3417 |   18.624
 0.53999 |       77.98 |    2.3454 |   18.592
 0.54097 |      78.005 |    2.3491 |   18.561
 0.54194 |      78.031 |    2.3527 |   18.529
 0.54292 |      78.045 |    2.3565 |   18.498
 0.54389 |       78.06 |    2.3601 |   18.466
 0.54486 |      78.077 |    2.3638 |   18.435
 0.54583 |        78.1 |    2.3677 |   18.404
 0.54688 |      78.137 |    2.3716 |   18.372
 0.54785 |      78.169 |     2.375 |   18.341
 0.54882 |      78.182 |    2.3782 |    18.31
 0.54987 |      78.199 |    2.3817 |   18.279
 0.55083 |      78.215 |    2.3851 |   18.248
 0.55187 |      78.247 |     2.389 |   18.217
 0.55292 |      78.264 |    2.3928 |   18.186
 0.55501 |      78.313 |    2.4005 |   18.119
 0.55605 |      78.358 |    2.4042 |   18.088
   0.557 |      78.371 |    2.4076 |   18.057
 0.55795 |      78.394 |     2.411 |   18.026
 0.55899 |      78.412 |    2.4146 |   17.995
 0.56002 |      78.422 |    2.4182 |   17.964
 0.56105 |      78.435 |    2.4218 |   17.933
   0.562 |      78.454 |    2.4258 |   17.902
 0.56303 |      78.476 |      2.43 |   17.871
 0.56406 |      78.496 |    2.4339 |    17.84
 0.56508 |      78.509 |    2.4375 |   17.809
 0.56602 |      78.544 |    2.4412 |   17.778
 0.56704 |      78.556 |    2.4451 |   17.748
 0.56806 |      78.575 |    2.4488 |   17.717
 0.56917 |      78.601 |    2.4522 |   17.686
 0.57019 |      78.626 |    2.4559 |   17.655
  0.5712 |      78.651 |    2.4595 |   17.624
 0.57213 |      78.673 |    2.4633 |   17.594
 0.57433 |      78.725 |    2.4713 |   17.526
 0.57534 |      78.749 |    2.4747 |   17.496
 0.57634 |      78.757 |    2.4782 |   17.466
 0.57735 |      78.779 |     2.482 |   17.435
 0.57836 |      78.798 |    2.4858 |   17.405
 0.57936 |      78.813 |    2.4896 |   17.375
 0.58044 |      78.828 |    2.4933 |   17.345
 0.58144 |      78.842 |    2.4971 |   17.314
 0.58244 |      78.867 |    2.5009 |   17.284
 0.58344 |      78.892 |     2.505 |   17.254
 0.58443 |       78.91 |    2.5089 |   17.223
 0.58551 |      78.933 |    2.5124 |   17.193
  0.5865 |      78.955 |     2.516 |   17.162
 0.58758 |      78.963 |    2.5197 |   17.132
 0.58857 |      78.983 |    2.5234 |   17.102
 0.58955 |      78.988 |    2.5274 |   17.071
 0.59062 |      78.993 |    2.5316 |   17.041
  0.5916 |      79.007 |    2.5357 |    17.01
 0.59267 |      79.012 |      2.54 |    16.98
 0.59373 |      79.036 |    2.5442 |    16.95
 0.59471 |      79.061 |    2.5481 |    16.92
 0.59577 |      79.076 |    2.5522 |    16.89
 0.59674 |      79.096 |    2.5558 |    16.86
  0.5978 |      79.116 |    2.5596 |    16.83
 0.59885 |      79.137 |    2.5635 |     16.8
  0.5999 |      79.164 |     2.567 |    16.77
 0.60095 |       79.19 |    2.5707 |    16.74
 0.60321 |      79.223 |    2.5785 |   16.675
 0.60417 |      79.244 |    2.5824 |   16.645
 0.60522 |      79.276 |    2.5866 |   16.615
 0.60626 |      79.297 |    2.5904 |   16.585
 0.60738 |      79.316 |    2.5938 |   16.555
 0.60841 |      79.341 |    2.5972 |   16.525
 0.60945 |      79.377 |    2.6009 |   16.495
 0.61049 |      79.398 |    2.6048 |   16.465
  0.6116 |      79.409 |    2.6082 |   16.435
 0.61263 |      79.425 |    2.6116 |   16.405
 0.61374 |      79.448 |    2.6156 |   16.375
 0.61468 |      79.467 |    2.6196 |   16.346
 0.61579 |      79.475 |    2.6235 |   16.316
 0.61689 |      79.496 |    2.6276 |   16.286
 0.61799 |      79.522 |    2.6312 |   16.256
 0.61901 |      79.549 |    2.6351 |   16.227
 0.62003 |      79.567 |     2.639 |   16.197
 0.62112 |      79.591 |    2.6429 |   16.167
  0.6233 |      79.618 |    2.6508 |   16.103
 0.62439 |       79.64 |    2.6547 |   16.074
 0.62548 |      79.665 |    2.6587 |   16.044
 0.62648 |      79.675 |    2.6624 |   16.015
 0.62757 |      79.678 |    2.6661 |   15.986
 0.62857 |      79.688 |    2.6703 |   15.956
 0.62965 |       79.71 |    2.6744 |   15.927
 0.63073 |      79.718 |    2.6789 |   15.898
  0.6318 |      79.738 |    2.6828 |   15.868
 0.63288 |      79.744 |    2.6867 |   15.839
 0.63395 |      79.764 |    2.6909 |    15.81
 0.63494 |      79.775 |     2.695 |    15.78
 0.63601 |      79.799 |    2.6993 |   15.751
 0.63707 |      79.824 |    2.7034 |   15.722
 0.63821 |      79.844 |    2.7072 |   15.692
 0.63927 |      79.867 |    2.7107 |   15.663
 0.64033 |      79.895 |    2.7142 |   15.634
 0.64139 |      79.919 |    2.7182 |   15.605
 0.64245 |       79.92 |     2.722 |   15.575
  0.6435 |      79.968 |    2.7256 |   15.546
 0.64463 |      79.987 |    2.7295 |   15.517
 0.64568 |        80.0 |    2.7333 |   15.488
 0.64673 |      80.021 |    2.7362 |   15.459
 0.64785 |      80.039 |    2.7404 |    15.43
 0.64889 |      80.049 |    2.7445 |     15.4
 0.64994 |      80.061 |    2.7482 |   15.371
 0.65105 |      80.082 |    2.7525 |   15.342
 0.65335 |      80.133 |    2.7612 |   15.279
 0.65439 |      80.158 |     2.765 |    15.25
 0.65549 |      80.175 |    2.7688 |   15.221
  0.6566 |      80.183 |    2.7727 |   15.191
 0.65763 |      80.189 |    2.7763 |   15.162
 0.65873 |      80.219 |    2.7805 |   15.133
 0.65983 |      80.235 |     2.785 |   15.104
 0.66092 |      80.261 |    2.7889 |   15.075
 0.66195 |      80.309 |    2.7926 |   15.046
 0.66304 |      80.324 |    2.7965 |   15.017
 0.66413 |      80.345 |    2.7999 |   14.988
 0.66522 |      80.377 |    2.8029 |   14.959
 0.66631 |      80.401 |    2.8067 |   14.931
 0.66739 |      80.415 |    2.8103 |   14.902
 0.66847 |      80.434 |    2.8137 |   14.874
 0.66962 |      80.468 |    2.8176 |   14.845
  0.6707 |      80.492 |    2.8215 |   14.817
 0.67178 |      80.484 |    2.8249 |   14.789
 0.67414 |      80.545 |    2.8334 |   14.727
 0.67521 |       80.57 |    2.8376 |   14.699
 0.67628 |      80.593 |    2.8413 |    14.67
 0.67741 |      80.611 |    2.8449 |   14.642
 0.67848 |      80.623 |    2.8485 |   14.613
 0.67954 |      80.638 |    2.8521 |   14.585
 0.68067 |       80.66 |    2.8565 |   14.556
  0.6818 |      80.676 |    2.8605 |   14.528
 0.68286 |      80.687 |    2.8643 |   14.499
 0.68391 |      80.692 |    2.8682 |   14.471
 0.68503 |      80.712 |    2.8725 |   14.443
 0.68615 |      80.737 |     2.877 |   14.414
  0.6872 |      80.766 |     2.881 |   14.386
 0.68824 |      80.789 |    2.8849 |   14.357
 0.68943 |      80.809 |    2.8887 |   14.329
 0.69054 |      80.834 |    2.8921 |   14.301
 0.69158 |      80.856 |    2.8956 |   14.272
 0.69275 |      80.883 |    2.8996 |   14.244
 0.69386 |      80.916 |    2.9034 |   14.216
 0.69496 |      80.937 |    2.9068 |   14.187
 0.69606 |      80.966 |    2.9105 |   14.159
 0.69716 |      80.987 |    2.9139 |   14.131
 0.69826 |      80.997 |    2.9176 |   14.103
 0.69942 |      81.017 |    2.9213 |   14.074
 0.70044 |      81.019 |    2.9252 |   14.046
 0.70153 |      81.022 |    2.9293 |   14.018
 0.70269 |      81.032 |    2.9339 |    13.99
 0.70506 |      81.064 |    2.9435 |   13.929
 0.70614 |      81.081 |    2.9478 |   13.901
 0.70722 |      81.096 |     2.952 |   13.873
 0.70836 |      81.107 |    2.9564 |   13.844
 0.70944 |      81.122 |    2.9604 |   13.816
 0.71058 |      81.151 |    2.9645 |   13.788
 0.71171 |       81.18 |    2.9689 |   13.759
 0.71285 |      81.213 |    2.9726 |   13.731
 0.71391 |      81.228 |    2.9761 |   13.703
 0.71498 |      81.252 |    2.9796 |   13.675
 0.71617 |      81.269 |    2.9835 |   13.647
  0.7173 |      81.288 |    2.9871 |    13.62
 0.71835 |      81.298 |    2.9906 |   13.592
 0.71947 |        81.3 |    2.9949 |   13.564
 0.72059 |      81.316 |    2.9991 |   13.537
 0.72171 |      81.342 |    3.0035 |   13.509
 0.72335 |      81.364 |    3.0098 |   13.468
 0.72632 |      81.396 |    3.0204 |   13.394
 0.72746 |      81.441 |    3.0245 |   13.367
  0.7286 |      81.473 |    3.0287 |   13.339
 0.72974 |      81.495 |    3.0325 |   13.311
 0.73088 |      81.504 |    3.0356 |   13.283
 0.73201 |      81.521 |    3.0392 |   13.255
 0.73315 |      81.538 |    3.0432 |   13.228
 0.73417 |      81.556 |    3.0476 |     13.2
  0.7353 |      81.576 |    3.0518 |   13.172
 0.73654 |      81.603 |    3.0559 |   13.145
 0.73756 |      81.624 |    3.0594 |   13.117
 0.73868 |      81.634 |    3.0633 |   13.089
 0.73981 |      81.642 |    3.0674 |   13.062
 0.74104 |      81.671 |    3.0714 |   13.034
 0.74217 |      81.686 |    3.0755 |   13.007
 0.74329 |      81.711 |    3.0795 |   12.979
 0.74441 |       81.74 |    3.0835 |   12.952
 0.74553 |      81.762 |    3.0876 |   12.924
 0.74664 |       81.77 |    3.0911 |   12.897
 0.74787 |      81.775 |    3.0947 |    12.87
 0.74898 |      81.785 |    3.0988 |   12.842
 0.75009 |      81.804 |    3.1032 |   12.815
 0.75132 |       81.83 |     3.108 |   12.788
 0.75243 |      81.839 |    3.1122 |    12.76
 0.75365 |      81.869 |    3.1159 |   12.733
 0.75475 |      81.883 |    3.1199 |   12.706
 0.75597 |      81.905 |    3.1238 |   12.679
 0.75828 |      81.942 |    3.1324 |    12.62
 0.75949 |      81.968 |    3.1365 |   12.593
 0.76059 |       82.03 |    3.1405 |   12.565
 0.76169 |      82.081 |    3.1442 |   12.538
  0.7629 |      82.114 |    3.1473 |    12.51
 0.76399 |      82.141 |    3.1492 |   12.483
 0.76509 |       82.16 |    3.1519 |   12.456
 0.76618 |      82.178 |    3.1558 |   12.428
 0.76738 |      82.205 |    3.1595 |   12.401
 0.76858 |      82.218 |    3.1632 |   12.374
 0.76966 |       82.23 |    3.1668 |   12.347
 0.77086 |      82.222 |     3.171 |    12.32
 0.77194 |      82.244 |    3.1755 |   12.293
 0.77314 |      82.259 |    3.1802 |   12.266
 0.77422 |      82.291 |    3.1848 |   12.239
  0.7753 |      82.327 |    3.1887 |   12.212
 0.77649 |      82.356 |    3.1925 |   12.185
 0.77767 |      82.381 |    3.1953 |   12.159
 0.78015 |      82.419 |    3.2026 |   12.101
 0.78133 |      82.418 |    3.2067 |   12.074
  0.7824 |      82.419 |     3.211 |   12.047
 0.78358 |      82.431 |    3.2158 |    12.02
 0.78475 |      82.426 |    3.2208 |   11.993
 0.78593 |      82.451 |    3.2253 |   11.966
  0.7871 |      82.475 |    3.2299 |    11.94
 0.78838 |      82.487 |    3.2342 |   11.913
 0.78955 |      82.493 |    3.2378 |   11.886
 0.79071 |      82.503 |     3.242 |   11.859
 0.79188 |      82.507 |    3.2469 |   11.832
 0.79304 |      82.507 |    3.2516 |   11.805
 0.79421 |      82.528 |    3.2564 |   11.778
 0.79537 |      82.554 |     3.261 |   11.752
 0.79653 |      82.575 |    3.2654 |   11.725
 0.79769 |      82.592 |    3.2693 |   11.698
 0.79884 |      82.593 |     3.273 |   11.672
  0.8001 |      82.636 |    3.2772 |   11.645
 0.80126 |       82.66 |    3.2814 |   11.618
 0.80241 |      82.687 |    3.2851 |   11.592
 0.80366 |      82.711 |    3.2887 |   11.565
 0.80471 |      82.736 |    3.2923 |   11.538
 0.80596 |       82.76 |     3.296 |   11.512
  0.8071 |      82.778 |    3.2998 |   11.485
 0.80825 |      82.788 |    3.3035 |   11.458
 0.80949 |        82.8 |    3.3076 |   11.432
 0.81074 |      82.818 |    3.3118 |   11.405
 0.81322 |       82.87 |    3.3207 |   11.349
 0.81436 |      82.903 |    3.3246 |   11.323
  0.8156 |      82.924 |    3.3285 |   11.296
 0.81673 |      82.946 |     3.332 |   11.269
 0.81796 |      82.977 |    3.3357 |   11.243
 0.81909 |      82.993 |    3.3396 |   11.216
 0.82032 |       83.01 |    3.3432 |    11.19
 0.82145 |      83.033 |    3.3472 |   11.163
 0.82257 |      83.048 |    3.3514 |   11.136
  0.8239 |      83.073 |    3.3555 |    11.11
 0.82502 |      83.106 |     3.359 |   11.084
 0.82624 |      83.134 |    3.3629 |   11.058
 0.82736 |      83.183 |    3.3665 |   11.031
 0.82858 |      83.192 |    3.3698 |   11.005
  0.8298 |      83.199 |    3.3728 |   10.979
 0.83101 |      83.217 |    3.3764 |   10.953
 0.83212 |      83.231 |     3.381 |   10.927
 0.83323 |       83.26 |    3.3855 |   10.901
 0.83585 |      83.337 |    3.3932 |   10.845
 0.83706 |      83.348 |    3.3965 |   10.818
 0.83826 |      83.362 |       3.4 |   10.792
 0.83946 |      83.378 |    3.4041 |   10.766
 0.84066 |      83.387 |    3.4084 |    10.74
 0.84186 |      83.379 |    3.4127 |   10.714
 0.84306 |      83.424 |    3.4174 |   10.688
 0.84425 |      83.433 |    3.4221 |   10.662
 0.84545 |      83.451 |     3.426 |   10.636
 0.84664 |      83.489 |    3.4299 |    10.61
 0.84783 |      83.509 |     3.434 |   10.584
 0.84902 |      83.498 |    3.4374 |   10.558
  0.8503 |      83.489 |    3.4413 |   10.532
 0.85149 |      83.506 |    3.4465 |   10.505
 0.85267 |      83.542 |     3.452 |   10.479
 0.85385 |      83.584 |    3.4567 |   10.453
 0.85513 |       83.59 |    3.4601 |   10.427
 0.85631 |       83.59 |     3.463 |   10.401
 0.85749 |      83.629 |    3.4673 |   10.375
 0.85876 |      83.631 |    3.4721 |   10.349
 0.85993 |      83.672 |    3.4758 |   10.323
  0.8611 |      83.702 |      3.48 |   10.297
 0.86227 |      83.708 |    3.4836 |   10.272
 0.86344 |      83.709 |     3.487 |   10.246
  0.8647 |      83.721 |    3.4915 |    10.22
 0.86596 |      83.745 |    3.4962 |   10.194
 0.86713 |       83.77 |    3.5006 |   10.168
 0.86974 |      83.831 |    3.5086 |   10.113
 0.87099 |      83.854 |    3.5122 |   10.087
 0.87224 |      83.871 |    3.5159 |   10.061
 0.87339 |      83.905 |    3.5198 |   10.035
 0.87464 |      83.924 |     3.524 |   10.009
 0.87579 |       83.94 |    3.5274 |    9.984
 0.87704 |      83.964 |    3.5314 |    9.958
 0.87837 |      83.993 |    3.5354 |    9.932
 0.87952 |      84.011 |    3.5389 |    9.906
 0.88066 |      84.019 |    3.5429 |    9.881
 0.88199 |      84.035 |    3.5472 |    9.855
 0.88323 |      84.067 |    3.5513 |    9.829
 0.88446 |      84.093 |    3.5554 |    9.804
 0.88579 |      84.095 |    3.5592 |    9.778
 0.88692 |      84.105 |    3.5627 |    9.753
 0.88824 |      84.096 |    3.5676 |    9.727
 0.88947 |      84.137 |    3.5724 |    9.702
 0.89069 |      84.159 |    3.5773 |    9.676
 0.89332 |      84.168 |    3.5856 |    9.622
 0.89463 |      84.207 |    3.5901 |    9.596
 0.89584 |       84.25 |    3.5946 |    9.571
 0.89706 |      84.286 |    3.5984 |    9.545
 0.89836 |      84.298 |    3.6014 |     9.52
 0.89957 |      84.294 |    3.6044 |    9.494
 0.90087 |      84.311 |    3.6085 |    9.469
 0.90208 |      84.294 |    3.6135 |    9.443
 0.90328 |      84.309 |    3.6184 |    9.418
 0.90457 |       84.31 |    3.6237 |    9.393
 0.90577 |      84.316 |    3.6289 |    9.367
 0.90697 |      84.344 |    3.6336 |    9.342
 0.90817 |      84.372 |    3.6386 |    9.317
 0.90946 |      84.397 |    3.6427 |    9.291
 0.91065 |      84.416 |     3.646 |    9.266
 0.91193 |      84.443 |    3.6496 |    9.241
 0.91312 |      84.479 |    3.6536 |    9.215
  0.9144 |      84.505 |    3.6573 |     9.19
 0.91568 |      84.524 |    3.6606 |    9.165
 0.91686 |      84.539 |    3.6639 |     9.14
 0.91813 |      84.556 |    3.6681 |    9.114
 0.91931 |      84.576 |    3.6724 |    9.089
 0.92058 |        84.6 |    3.6765 |    9.064
 0.92185 |      84.629 |    3.6805 |    9.039
 0.92311 |      84.649 |    3.6841 |    9.014
 0.92437 |      84.665 |    3.6879 |    8.988
 0.92572 |      84.686 |    3.6918 |    8.963
 0.92841 |      84.731 |    3.7006 |    8.909
 0.92967 |      84.739 |    3.7049 |    8.884
 0.93092 |       84.76 |    3.7091 |    8.859
 0.93226 |      84.784 |    3.7135 |    8.834
 0.93342 |      84.803 |    3.7179 |    8.809
 0.93466 |       84.82 |     3.722 |    8.784
 0.93591 |      84.843 |    3.7265 |    8.758
 0.93715 |      84.852 |    3.7307 |    8.733
 0.93839 |      84.877 |    3.7349 |    8.708
 0.93971 |      84.903 |    3.7393 |    8.683
 0.94104 |      84.935 |    3.7434 |    8.658
 0.94218 |      84.955 |    3.7473 |    8.633
  0.9435 |      84.968 |    3.7514 |    8.608
 0.94482 |      84.994 |    3.7554 |    8.583
 0.94604 |      85.025 |    3.7595 |    8.558
 0.94727 |      85.037 |    3.7638 |    8.533
 0.94849 |      85.046 |    3.7679 |    8.508
  0.9498 |      85.085 |    3.7719 |    8.484
  0.9525 |      85.106 |     3.781 |     8.43
 0.95371 |      85.127 |    3.7853 |    8.405
 0.95501 |      85.146 |    3.7901 |     8.38
 0.95631 |      85.169 |    3.7945 |    8.355
 0.95761 |      85.202 |    3.7987 |     8.33
  0.9589 |      85.221 |    3.8028 |    8.305
  0.9601 |      85.237 |    3.8067 |     8.28
 0.96139 |       85.26 |    3.8109 |    8.255
 0.96268 |      85.284 |    3.8153 |     8.23
 0.96405 |      85.314 |    3.8195 |    8.205
 0.96533 |      85.344 |    3.8234 |     8.18
 0.96661 |      85.358 |    3.8272 |    8.156
 0.96789 |      85.371 |    3.8312 |    8.131
 0.96916 |       85.39 |    3.8354 |    8.106
 0.97044 |      85.412 |      3.84 |    8.081
 0.97171 |      85.444 |    3.8444 |    8.057
 0.97298 |      85.457 |    3.8486 |    8.032
 0.97425 |      85.467 |    3.8525 |    8.008
 0.97551 |       85.49 |    3.8566 |    7.983
 0.97677 |      85.514 |    3.8614 |    7.958
 0.97812 |      85.529 |    3.8659 |    7.933
 0.97946 |      85.544 |    3.8697 |    7.909
 0.98072 |      85.566 |    3.8739 |    7.884
 0.98205 |      85.588 |    3.8787 |    7.859
 0.98339 |      85.564 |     3.883 |    7.835
 0.98464 |      85.599 |    3.8871 |     7.81
 0.98597 |      85.649 |    3.8922 |    7.786
 0.98871 |        85.7 |    3.9014 |    7.731
 0.99003 |      85.687 |     3.905 |    7.707
 0.99135 |      85.689 |    3.9091 |    7.682
 0.99267 |      85.727 |    3.9139 |    7.658
 0.99398 |      85.768 |    3.9195 |    7.633
  0.9953 |        85.8 |    3.9238 |    7.609
 0.99653 |       85.81 |    3.9271 |    7.585
 0.99784 |      85.797 |    3.9307 |     7.56
 0.99914 |      85.803 |    3.9349 |    7.536
  1.0005 |      85.826 |    3.9399 |    7.512
  1.0018 |      85.856 |    3.9454 |    7.487
  1.0031 |       85.88 |    3.9499 |    7.463
  1.0044 |      85.904 |    3.9542 |    7.438
  1.0057 |      85.936 |    3.9583 |    7.413
   1.007 |      85.945 |    3.9624 |    7.389
  1.0084 |      85.962 |    3.9664 |    7.364
  1.0097 |       85.99 |    3.9704 |     7.34
   1.011 |      86.016 |    3.9752 |    7.315
  1.0138 |      86.068 |    3.9841 |    7.262
  1.0152 |      86.103 |    3.9881 |    7.237
  1.0165 |      86.131 |    3.9922 |    7.213
  1.0178 |      86.161 |    3.9961 |    7.189
  1.0191 |      86.183 |    4.0001 |    7.164
  1.0205 |      86.207 |    4.0039 |     7.14
  1.0218 |      86.228 |    4.0076 |    7.116
  1.0231 |      86.256 |    4.0119 |    7.091
  1.0244 |      86.285 |    4.0161 |    7.067
  1.0258 |      86.308 |    4.0203 |    7.043
  1.0271 |      86.336 |    4.0242 |    7.018
  1.0283 |      86.366 |    4.0281 |    6.994
  1.0297 |      86.396 |    4.0323 |     6.97
   1.031 |       86.42 |    4.0364 |    6.945
  1.0323 |      86.438 |      4.04 |    6.921
  1.0337 |      86.458 |    4.0439 |    6.897
  1.0351 |      86.477 |    4.0483 |    6.872
  1.0364 |        86.5 |    4.0525 |    6.848
  1.0377 |      86.504 |    4.0567 |    6.824
   1.039 |      86.543 |    4.0611 |      6.8
  1.0403 |      86.565 |    4.0659 |    6.776
  1.0417 |      86.581 |    4.0705 |    6.751
  1.0429 |      86.608 |     4.074 |    6.727
  1.0443 |      86.599 |    4.0783 |    6.703
  1.0456 |      86.609 |    4.0828 |    6.679
   1.047 |      86.626 |    4.0872 |    6.655
  1.0483 |      86.645 |    4.0927 |    6.631
  1.0511 |      86.703 |    4.1026 |    6.579
  1.0525 |       86.74 |    4.1067 |    6.555
  1.0538 |      86.762 |    4.1106 |    6.531
  1.0552 |      86.789 |    4.1145 |    6.507
  1.0565 |      86.831 |    4.1182 |    6.483
  1.0578 |      86.858 |    4.1224 |    6.458
  1.0591 |      86.885 |    4.1264 |    6.434
  1.0605 |      86.916 |    4.1298 |     6.41
  1.0618 |      86.937 |    4.1338 |    6.386
  1.0632 |      86.959 |    4.1376 |    6.362
  1.0646 |       86.99 |    4.1416 |    6.338
  1.0659 |      87.022 |    4.1458 |    6.314
  1.0673 |      87.044 |    4.1498 |     6.29
  1.0686 |      87.063 |    4.1538 |    6.266
  1.0699 |      87.082 |    4.1578 |    6.242
  1.0713 |        87.1 |     4.162 |    6.218
  1.0727 |      87.129 |    4.1665 |    6.194
   1.074 |       87.15 |    4.1708 |     6.17
  1.0768 |      87.181 |      4.18 |    6.118
  1.0782 |      87.194 |    4.1845 |    6.094
  1.0795 |      87.215 |    4.1889 |    6.071
  1.0809 |       87.24 |    4.1936 |    6.047
  1.0823 |      87.269 |    4.1983 |    6.023
  1.0836 |      87.287 |    4.2025 |    5.999
   1.085 |      87.305 |    4.2066 |    5.975
  1.0863 |      87.314 |    4.2106 |    5.952
  1.0877 |      87.326 |    4.2151 |    5.928
   1.089 |      87.351 |    4.2198 |    5.904
  1.0904 |      87.375 |    4.2246 |     5.88
  1.0918 |      87.404 |    4.2292 |    5.856
  1.0931 |      87.424 |    4.2334 |    5.832
  1.0945 |      87.458 |    4.2374 |    5.809
  1.0959 |       87.48 |    4.2414 |    5.785
  1.0973 |      87.511 |    4.2456 |    5.761
  1.0986 |      87.539 |    4.2496 |    5.737
  1.0999 |      87.552 |    4.2538 |    5.713
  1.1013 |      87.573 |    4.2578 |     5.69
  1.1027 |      87.588 |    4.2618 |    5.666
   1.104 |      87.598 |    4.2664 |    5.642
  1.1054 |      87.611 |    4.2711 |    5.618
  1.1068 |       87.63 |    4.2757 |    5.595
   1.108 |      87.655 |    4.2806 |    5.571
  1.1094 |      87.686 |    4.2853 |    5.547
  1.1108 |      87.716 |    4.2896 |    5.524
  1.1122 |       87.72 |    4.2934 |      5.5
  1.1151 |      87.761 |    4.3026 |    5.449
  1.1164 |      87.775 |    4.3075 |    5.425
  1.1178 |      87.815 |     4.312 |    5.402
  1.1192 |      87.839 |    4.3165 |    5.378
  1.1206 |      87.863 |    4.3203 |    5.355
  1.1219 |      87.891 |    4.3241 |    5.331
  1.1234 |      87.911 |    4.3283 |    5.308
  1.1247 |      87.935 |    4.3324 |    5.284
  1.1261 |       87.96 |    4.3364 |    5.261
  1.1275 |      87.982 |     4.341 |    5.237
  1.1288 |       88.01 |    4.3451 |    5.214
  1.1302 |      88.033 |    4.3492 |    5.191
  1.1316 |      88.053 |    4.3534 |    5.167
  1.1329 |      88.062 |    4.3573 |    5.144
  1.1342 |        88.1 |     4.362 |     5.12
  1.1356 |      88.116 |    4.3666 |    5.097
   1.137 |      88.132 |    4.3705 |    5.074
  1.1384 |      88.145 |    4.3746 |     5.05
  1.1412 |      88.185 |    4.3846 |      5.0
  1.1426 |      88.204 |    4.3894 |    4.976
   1.144 |       88.23 |    4.3937 |    4.953
  1.1454 |      88.257 |    4.3983 |    4.929
  1.1468 |      88.276 |    4.4025 |    4.906
  1.1482 |       88.29 |    4.4067 |    4.882
  1.1496 |      88.308 |     4.411 |    4.859
  1.1509 |      88.326 |    4.4157 |    4.835
  1.1523 |      88.359 |    4.4203 |    4.812
  1.1537 |      88.373 |     4.425 |    4.788
   1.155 |      88.401 |    4.4289 |    4.765
  1.1564 |      88.439 |    4.4333 |    4.742
  1.1578 |      88.451 |    4.4372 |    4.719
  1.1592 |      88.468 |     4.441 |    4.695
  1.1605 |       88.48 |    4.4455 |    4.672
  1.1619 |      88.498 |    4.4501 |    4.649
  1.1633 |       88.52 |    4.4547 |    4.626
  1.1647 |      88.543 |    4.4594 |    4.603
  1.1661 |      88.558 |    4.4636 |     4.58
  1.1674 |      88.564 |    4.4679 |    4.557
  1.1688 |      88.583 |    4.4728 |    4.533
  1.1702 |      88.606 |    4.4778 |     4.51
  1.1717 |      88.617 |    4.4825 |    4.487
   1.173 |      88.657 |    4.4865 |    4.464
  1.1744 |      88.669 |    4.4913 |    4.441
  1.1758 |      88.691 |    4.4951 |    4.418
  1.1772 |      88.713 |    4.4997 |    4.395
  1.1802 |      88.764 |    4.5091 |    4.345
  1.1816 |      88.791 |    4.5132 |    4.322
   1.183 |      88.802 |    4.5176 |    4.298
  1.1845 |      88.821 |    4.5217 |    4.275
  1.1858 |      88.851 |    4.5265 |    4.252
  1.1872 |      88.874 |    4.5312 |    4.229
  1.1886 |      88.895 |    4.5352 |    4.206
    1.19 |      88.913 |    4.5393 |    4.183
  1.1914 |      88.934 |    4.5436 |     4.16
  1.1929 |       88.95 |    4.5482 |    4.137
  1.1943 |      88.978 |    4.5526 |    4.114
  1.1957 |      89.002 |     4.557 |    4.091
  1.1971 |      89.013 |    4.5615 |    4.068
  1.1985 |      89.038 |    4.5656 |    4.045
  1.1999 |      89.065 |    4.5701 |    4.023
  1.2013 |      89.089 |    4.5746 |      4.0
  1.2026 |       89.11 |    4.5786 |    3.977
  1.2041 |      89.136 |     4.583 |    3.954
  1.2071 |      89.197 |    4.5918 |    3.905
  1.2085 |      89.226 |    4.5959 |    3.882
  1.2099 |      89.251 |       4.6 |    3.859
  1.2114 |      89.273 |    4.6038 |    3.836
  1.2128 |      89.304 |     4.608 |    3.813
  1.2142 |      89.322 |    4.6124 |     3.79
  1.2156 |       89.35 |    4.6163 |    3.767
  1.2171 |      89.363 |     4.621 |    3.744
  1.2185 |       89.39 |    4.6249 |    3.721
  1.2199 |      89.408 |    4.6298 |    3.698
  1.2213 |      89.441 |     4.634 |    3.675
  1.2228 |      89.469 |    4.6382 |    3.653
  1.2241 |      89.492 |    4.6422 |     3.63
  1.2255 |      89.518 |    4.6464 |    3.607
   1.227 |      89.543 |    4.6504 |    3.584
  1.2284 |      89.562 |    4.6546 |    3.561
  1.2298 |      89.581 |     4.659 |    3.538
  1.2312 |      89.612 |    4.6635 |    3.515
  1.2327 |      89.634 |    4.6679 |    3.493
  1.2341 |      89.659 |    4.6716 |     3.47
  1.2355 |      89.656 |    4.6762 |    3.447
   1.237 |      89.698 |    4.6807 |    3.424
  1.2384 |       89.72 |    4.6858 |    3.402
  1.2399 |      89.744 |    4.6894 |    3.379
  1.2413 |      89.773 |    4.6938 |    3.356
  1.2428 |      89.803 |    4.6979 |    3.334
  1.2442 |      89.826 |    4.7018 |    3.311
  1.2473 |      89.872 |    4.7107 |    3.263
  1.2487 |      89.901 |    4.7151 |     3.24
  1.2501 |      89.914 |    4.7196 |    3.217
  1.2515 |       89.93 |    4.7238 |    3.195
  1.2529 |      89.942 |    4.7284 |    3.172
  1.2544 |       89.95 |    4.7331 |     3.15
  1.2558 |      89.971 |    4.7382 |    3.127
  1.2572 |      89.982 |    4.7434 |    3.104
  1.2586 |      90.007 |    4.7478 |    3.082
  1.2601 |      90.023 |    4.7527 |    3.059
  1.2615 |      90.041 |    4.7568 |    3.037
  1.2629 |      90.059 |    4.7616 |    3.014
  1.2643 |      90.075 |    4.7662 |    2.992
  1.2658 |      90.096 |    4.7709 |    2.969
  1.2673 |      90.125 |    4.7753 |    2.947
  1.2687 |      90.151 |    4.7797 |    2.924
  1.2702 |      90.167 |    4.7837 |    2.902
  1.2717 |      90.189 |    4.7881 |    2.879
  1.2748 |      90.226 |    4.7979 |    2.831
  1.2762 |      90.248 |    4.8025 |    2.809
  1.2777 |      90.271 |     4.807 |    2.787
  1.2791 |      90.284 |    4.8115 |    2.764
  1.2805 |      90.314 |    4.8159 |    2.742
   1.282 |      90.325 |    4.8206 |    2.719
  1.2834 |      90.361 |    4.8247 |    2.697
  1.2849 |      90.393 |    4.8293 |    2.675
  1.2863 |      90.414 |    4.8331 |    2.652
  1.2877 |      90.431 |    4.8371 |     2.63
  1.2892 |      90.446 |    4.8414 |    2.608
  1.2906 |      90.458 |    4.8462 |    2.585
  1.2921 |      90.479 |    4.8511 |    2.563
  1.2936 |      90.517 |    4.8556 |    2.541
  1.2951 |      90.543 |    4.8598 |    2.518
  1.2965 |      90.568 |    4.8637 |    2.496
   1.298 |      90.588 |    4.8678 |    2.474
  1.2994 |      90.619 |    4.8723 |    2.451
  1.3009 |       90.64 |    4.8764 |    2.429
  1.3023 |      90.669 |    4.8804 |    2.407
  1.3038 |      90.694 |    4.8847 |    2.385
  1.3052 |      90.707 |    4.8889 |    2.362
  1.3067 |      90.736 |    4.8934 |     2.34
  1.3081 |      90.764 |    4.8978 |    2.318
  1.3096 |      90.784 |    4.9017 |    2.296
  1.3111 |      90.813 |     4.906 |    2.273
  1.3125 |      90.835 |    4.9104 |    2.251
  1.3157 |      90.886 |    4.9199 |    2.202
  1.3171 |      90.904 |    4.9242 |     2.18
  1.3186 |      90.933 |    4.9284 |    2.158
    1.32 |      90.954 |    4.9327 |    2.136
  1.3215 |      90.976 |    4.9369 |    2.114
  1.3229 |      91.003 |    4.9413 |    2.092
  1.3244 |      91.031 |    4.9453 |     2.07
  1.3259 |      91.057 |    4.9494 |    2.048
  1.3274 |       91.08 |    4.9535 |    2.026
  1.3288 |      91.108 |    4.9578 |    2.004
  1.3304 |      91.139 |     4.962 |    1.982
  1.3318 |      91.155 |     4.966 |     1.96
  1.3333 |      91.172 |    4.9703 |    1.938
  1.3348 |      91.206 |     4.975 |    1.916
  1.3362 |      91.228 |    4.9792 |    1.894
  1.3377 |      91.253 |    4.9833 |    1.872
  1.3392 |      91.276 |    4.9875 |     1.85
  1.3406 |      91.302 |    4.9918 |    1.828
  1.3438 |      91.363 |    5.0007 |     1.78
  1.3453 |      91.395 |    5.0048 |    1.758
  1.3468 |      91.422 |    5.0086 |    1.736
  1.3482 |      91.453 |    5.0127 |    1.714
  1.3496 |      91.471 |    5.0168 |    1.692
  1.3512 |      91.501 |     5.021 |     1.67
  1.3526 |      91.532 |    5.0251 |    1.648
  1.3541 |      91.561 |     5.029 |    1.626
  1.3556 |      91.592 |     5.033 |    1.604
   1.357 |      91.616 |    5.0368 |    1.582
  1.3585 |      91.643 |    5.0411 |     1.56
    1.36 |      91.677 |     5.045 |    1.538
  1.3615 |      91.706 |    5.0488 |    1.516
  1.3629 |      91.725 |    5.0529 |    1.494
  1.3644 |      91.755 |    5.0575 |    1.472
  1.3659 |      91.777 |    5.0613 |     1.45
  1.3673 |      91.808 |    5.0657 |    1.428
  1.3689 |      91.839 |    5.0695 |    1.406
  1.3704 |      91.864 |    5.0734 |    1.384
  1.3719 |      91.894 |    5.0778 |    1.362
  1.3734 |      91.923 |    5.0817 |     1.34
  1.3749 |      91.952 |    5.0858 |    1.318
  1.3765 |      91.982 |    5.0896 |    1.296
   1.378 |      92.009 |    5.0935 |    1.275
  1.3795 |      92.037 |    5.0977 |    1.253
   1.381 |      92.058 |    5.1019 |    1.231
  1.3824 |      92.091 |    5.1064 |    1.209
  1.3857 |      92.151 |    5.1144 |    1.163
  1.3872 |       92.17 |    5.1186 |    1.141
  1.3888 |      92.197 |    5.1232 |    1.119
  1.3903 |      92.231 |    5.1274 |    1.097
  1.3918 |      92.259 |    5.1314 |    1.075
  1.3933 |      92.281 |    5.1354 |    1.053
  1.3949 |      92.313 |    5.1395 |    1.032
  1.3963 |      92.348 |    5.1438 |     1.01
  1.3978 |       92.37 |    5.1472 |    0.988
  1.3994 |      92.389 |    5.1517 |    0.966
  1.4008 |      92.413 |    5.1567 |    0.944
  1.4023 |      92.437 |    5.1607 |    0.922
  1.4038 |      92.456 |    5.1648 |    0.901
  1.4054 |      92.483 |    5.1695 |    0.879
  1.4069 |      92.521 |    5.1747 |    0.857
  1.4084 |      92.527 |    5.1785 |    0.835
  1.4099 |      92.543 |     5.183 |    0.813
  1.4114 |      92.561 |    5.1878 |    0.792
  1.4148 |      92.616 |     5.197 |    0.745
  1.4163 |      92.641 |    5.2012 |    0.723
  1.4178 |      92.662 |    5.2055 |    0.702
  1.4193 |      92.698 |    5.2099 |     0.68
  1.4208 |      92.727 |    5.2136 |    0.658
  1.4223 |       92.75 |    5.2176 |    0.636
  1.4239 |      92.775 |    5.2219 |    0.615
  1.4254 |      92.797 |    5.2262 |    0.593
   1.427 |      92.819 |    5.2307 |    0.571
  1.4285 |      92.853 |    5.2353 |    0.549
    1.43 |      92.879 |     5.239 |    0.528
  1.4315 |      92.901 |    5.2432 |    0.506
  1.4331 |      92.927 |    5.2476 |    0.484
  1.4346 |      92.961 |    5.2518 |    0.462
  1.4361 |      92.985 |    5.2558 |     0.44
  1.4376 |      93.006 |    5.2603 |    0.418
  1.4391 |      93.018 |    5.2648 |    0.397
  1.4407 |      93.027 |      5.27 |    0.375
  1.4422 |      93.043 |    5.2752 |    0.353
  1.4437 |      93.069 |      5.28 |    0.331
  1.4453 |      93.072 |    5.2845 |     0.31
  1.4468 |       93.09 |      5.29 |    0.288
  1.4482 |      93.128 |    5.2943 |    0.266
  1.4498 |      93.148 |     5.298 |    0.245
  1.4513 |       93.18 |    5.3022 |    0.223
  1.4529 |      93.203 |    5.3063 |    0.201
  1.4545 |      93.232 |    5.3105 |     0.18
  1.4578 |      93.301 |    5.3195 |    0.132
  1.4593 |      93.325 |    5.3234 |    0.111
  1.4609 |      93.364 |    5.3273 |    0.089
  1.4624 |      93.382 |    5.3313 |    0.068
   1.464 |      93.409 |    5.3358 |    0.046
  1.4655 |       93.45 |    5.3403 |    0.024
  1.4664 |      93.503 |    5.3446 |    0.003
