pressure | temperature | density | altitude
   87.08 |       725.5 |   62.21 |     0.99
   85.75 |       724.0 |    61.4 |    1.233
   84.28 |       722.0 |   60.54 |    1.505
   82.85 |       719.7 |   59.73 |    1.773
   81.38 |       717.4 |   58.89 |    2.053
   79.95 |       715.0 |   58.08 |    2.329
   78.48 |       712.8 |   57.21 |    2.617
   77.03 |       710.7 |   56.34 |    2.905
   75.86 |       708.7 |   55.66 |    3.141
   74.53 |       707.0 |   54.84 |    3.412
   73.23 |       704.7 |   54.08 |    3.682
   71.78 |       702.0 |   53.24 |    3.987
   70.38 |       699.3 |   52.43 |    4.286
   69.03 |       697.6 |   51.56 |    4.579
   67.68 |       695.6 |   50.71 |    4.877
    66.4 |       692.7 |   49.98 |    5.165
   64.98 |       690.3 |    49.1 |    5.488
   63.71 |       688.3 |   48.29 |    5.783
   62.33 |       686.0 |   47.41 |    6.109
   60.88 |       683.5 |   46.49 |    6.458
   59.73 |       681.0 |    45.8 |    6.739
   58.18 |       678.0 |   44.82 |    7.126
   56.93 |       675.8 |   44.02 |    7.444
   55.98 |       674.0 |   43.41 |     7.69
   54.73 |       671.6 |    42.6 |    8.081
   53.68 |       669.6 |   41.92 |    8.299
   52.73 |       667.6 |   41.31 |    8.557
   51.73 |       665.7 |   40.65 |    8.833
   50.68 |       663.6 |   39.96 |    9.128
   49.53 |       661.0 |   39.22 |    9.456
  48.429 |       659.3 |   38.46 |    9.777
  47.229 |       656.0 |   37.71 |   10.133
  46.079 |       653.8 |   36.93 |   10.482
  44.879 |       651.7 |   36.09 |   10.854
  43.729 |       648.2 |   35.36 |   11.218
  42.529 |       645.9 |   34.52 |   11.607
  41.279 |       642.4 |    33.7 |   12.022
  40.129 |       639.9 |   32.89 |   12.413
  39.579 |       638.2 |   32.53 |   12.603
  38.979 |       637.0 |    32.1 |   12.813
  38.379 |       635.1 |    31.7 |   13.026
  37.829 |       634.1 |    31.3 |   13.224
  37.279 |       632.5 |   30.93 |   13.424
  36.729 |       631.1 |   30.54 |   13.627
  36.129 |       629.5 |   30.12 |   13.851
  35.579 |       628.1 |   29.73 |   14.059
  34.979 |       626.7 |    29.3 |   14.289
  34.479 |       625.1 |   28.96 |   14.484
  33.879 |       623.5 |   28.53 |    14.72
  33.379 |       621.9 |   28.19 |    14.92
  32.879 |       620.5 |   27.83 |   15.122
  32.379 |       619.1 |   27.47 |   15.327
  31.779 |       617.3 |   27.04 |   15.577
  31.229 |       615.8 |   26.64 |   15.809
  30.679 |       614.2 |   26.24 |   16.044
  30.179 |       612.6 |   25.89 |   16.262
  29.629 |       611.0 |   25.48 |   16.505
  29.179 |       609.5 |   25.16 |   16.706
  28.679 |       607.8 |    24.8 |   16.933
  28.179 |       606.1 |   24.44 |   17.163
  27.659 |       604.3 |   24.07 |   17.406
  27.199 |       602.5 |   23.74 |   17.625
  26.659 |       600.9 |   23.33 |   17.885
  26.249 |       599.1 |   23.04 |   18.085
  25.759 |       597.5 |   22.67 |   18.329
  25.349 |       595.7 |   22.38 |   18.535
  24.929 |       593.9 |   22.08 |   18.749
  24.469 |       592.3 |   21.73 |   18.988
  24.049 |       590.3 |   21.43 |   19.208
  23.599 |       588.5 |   21.09 |   19.449
  23.209 |       586.4 |   20.82 |    19.66
  22.819 |       584.4 |   20.54 |   19.874
  22.429 |       582.6 |   20.25 |   20.091
  22.009 |       580.6 |   19.94 |   20.328
  21.599 |       578.7 |   19.64 |   20.563
  21.159 |       576.9 |    19.3 |    20.82
  20.759 |       575.1 |   18.99 |   21.057
  20.399 |       572.9 |   18.74 |   21.273
  19.999 |       571.2 |   18.42 |   21.518
  19.589 |       569.0 |   18.12 |   21.773
  19.199 |       567.2 |   17.81 |   22.019
  18.849 |       565.0 |   17.56 |   22.244
  18.469 |       562.9 |   17.27 |   22.492
  18.149 |       560.7 |   17.04 |   22.704
  17.759 |       558.7 |   16.73 |   22.966
  17.399 |       556.6 |   16.45 |   23.213
  17.039 |       554.2 |   16.18 |   23.463
  16.699 |       552.1 |   15.92 |   23.704
  16.379 |       549.7 |   15.69 |   23.934
  15.919 |       547.6 |    15.3 |   24.271
  15.559 |       545.2 |   15.02 |   24.541
  15.209 |       543.1 |   14.74 |   24.809
  14.869 |       540.5 |   14.48 |   25.073
  14.529 |       538.2 |   14.21 |   25.342
  14.179 |       535.8 |   13.93 |   25.625
  13.829 |       533.7 |   13.64 |   25.914
  13.499 |       531.3 |   13.38 |   26.192
  13.169 |       528.5 |   13.12 |   26.475
  12.829 |       526.0 |   12.84 |   26.773
  12.499 |       523.4 |   12.57 |   27.069
  12.169 |       520.7 |    12.3 |    27.37
  11.839 |       518.4 |   12.02 |   27.679
  11.529 |       515.7 |   11.77 |   27.976
  11.209 |       512.9 |    11.5 |   28.289
  10.919 |       510.7 |   11.25 |   28.579
  10.759 |       509.4 |   11.12 |   28.741
  10.589 |       508.0 |   10.97 |   28.917
  10.429 |       506.5 |   10.84 |   29.084
  10.279 |       504.9 |   10.72 |   29.242
  10.119 |       503.5 |   10.58 |   29.413
   9.969 |       502.2 |   10.45 |   29.576
   9.819 |       500.8 |   10.32 |    29.74
   9.679 |       499.2 |   10.21 |   29.895
   9.539 |       498.0 |   10.08 |   30.052
   9.389 |       496.5 |   9.954 |   30.223
   9.249 |       495.1 |   9.833 |   30.384
   9.099 |       493.8 |   9.699 |   30.559
   8.969 |       492.4 |   9.587 |   30.713
   8.809 |       490.9 |   9.445 |   30.904
   8.679 |       489.5 |   9.332 |   31.062
   8.539 |       487.9 |   9.211 |   31.234
   8.399 |       486.8 |    9.08 |   31.408
   8.259 |       485.6 |   8.951 |   31.585
   8.119 |       483.9 |    8.83 |   31.764
   7.999 |       482.2 |   8.728 |    31.92
   7.869 |       480.7 |   8.613 |   32.091
   7.729 |       479.1 |   8.488 |   32.278
   7.599 |       477.5 |   8.373 |   32.453
   7.459 |       476.2 |   8.241 |   32.645
   7.318 |       474.5 |   8.115 |   32.841
   7.188 |       473.3 |   7.991 |   33.025
   7.048 |       471.2 |    7.87 |   33.226
   6.918 |       470.0 |   7.744 |   33.416
   6.788 |       468.5 |   7.623 |   33.608
   6.648 |       466.6 |   7.496 |    33.82
   6.548 |       464.8 |   7.411 |   33.973
   6.428 |       463.2 |   7.301 |   34.159
   6.308 |       461.7 |   7.187 |   34.347
   6.178 |       460.0 |   7.065 |   34.556
   6.068 |       458.6 |    6.96 |   34.734
   5.938 |       456.9 |   6.837 |   34.949
   5.818 |       455.3 |   6.722 |   35.151
   5.698 |       453.6 |   6.606 |   35.357
   5.578 |       452.0 |    6.49 |   35.566
   5.458 |       450.4 |   6.373 |   35.779
   5.328 |       448.7 |   6.244 |   36.014
   5.218 |       447.2 |   6.136 |   36.216
   5.108 |       445.2 |   6.033 |   36.423
   4.988 |       443.3 |   5.917 |   36.652
   4.878 |       441.8 |   5.806 |   36.866
   4.758 |       439.9 |   5.687 |   37.104
   4.648 |       438.4 |   5.574 |   37.327
   4.548 |       436.6 |   5.477 |   37.534
   4.438 |       435.0 |   5.363 |   37.766
   4.328 |       432.9 |   5.255 |   38.002
   4.228 |       431.6 |   5.149 |   38.222
   4.128 |       429.7 |   5.049 |   38.446
   4.018 |       427.8 |   4.936 |   38.697
   3.908 |       425.9 |   4.823 |   38.955
   3.828 |       424.3 |   4.742 |   39.146
   3.728 |       422.4 |   4.638 |   39.389
   3.628 |       421.1 |   4.527 |   39.638
   3.538 |       419.1 |   4.435 |   39.868
   3.438 |       417.0 |   4.332 |   40.128
   3.348 |       415.4 |   4.234 |   40.369
   3.248 |       413.4 |   4.128 |   40.642
   3.158 |       411.6 |   4.031 |   40.894
   3.068 |       409.7 |   3.934 |   41.152
   2.968 |       407.9 |   3.822 |   41.447
   2.888 |       405.7 |   3.738 |   41.689
   2.798 |       403.8 |   3.639 |   41.968
   2.705 |       401.7 |   3.536 |   42.264
   2.621 |       400.0 |   3.441 |    42.54
   2.537 |       398.3 |   3.345 |   42.823
   2.449 |       396.4 |   3.243 |   43.128
   2.367 |       394.7 |   3.148 |   43.422
   2.291 |       393.2 |   3.059 |   43.702
   2.206 |       391.2 |    2.96 |   44.025
   2.124 |       389.5 |   2.862 |   44.347
   2.048 |       387.7 |   2.773 |   44.656
   1.977 |       385.6 |   2.691 |   44.953
   1.897 |       383.8 |   2.594 |     45.3
   1.821 |       381.0 |   2.508 |   45.641
   1.749 |       378.6 |   2.424 |   45.975
   1.664 |       376.7 |   2.318 |   46.385
   1.594 |       374.0 |   2.236 |   46.737
   1.523 |       372.3 |   2.146 |   47.108
   1.463 |       370.5 |   2.071 |   47.434
   1.397 |       368.4 |   1.989 |   47.807
   1.332 |       366.3 |   1.907 |   48.189
   1.271 |       363.9 |   1.831 |   48.563
   1.204 |       361.3 |   1.747 |   48.992
   1.142 |       357.7 |   1.674 |   49.408
   1.086 |       353.9 |   1.609 |   49.799
   1.026 |       350.9 |   1.532 |   50.237
  0.9628 |       346.7 |   1.455 |   50.721
  0.9057 |       342.4 |   1.386 |   51.181
  0.8547 |       338.2 |   1.324 |   51.613
  0.8016 |       334.5 |   1.256 |   52.085
  0.7516 |       329.3 |   1.196 |   52.554
  0.7025 |       324.5 |   1.134 |   53.037
  0.6534 |       319.1 |   1.073 |   53.547
  0.6073 |       314.3 |   1.012 |   54.055
  0.5613 |       308.3 |  0.9532 |   54.593
  0.5392 |       305.1 |  0.9253 |   54.863
  0.4931 |       299.4 |  0.8623 |   55.455
  0.4521 |       292.2 |  0.8098 |   56.019
  0.4075 |       285.3 |  0.7476 |   56.676
  0.3689 |       278.9 |  0.6921 |   57.292
  0.3356 |       273.1 |   0.643 |   57.866
  0.2957 |       267.5 |  0.5782 |   58.617
  0.2635 |       262.5 |  0.5251 |   59.288
  0.2302 |       257.8 |  0.4671 |   60.058
  0.2005 |       253.9 |   0.413 |   60.836
  0.1709 |       250.6 |  0.3567 |    61.72
   0.143 |       247.6 |  0.3021 |   62.697
  0.1188 |       244.1 |  0.2544 |   63.703
  0.0958 |       240.2 |  0.2085 |   64.848
  0.0755 |       236.0 |  0.1672 |   66.103
  0.0641 |       233.2 |  0.1436 |   66.952
